localidad,a_huelga,a_la_educacion,a_la_honra/_al_honor,a_la_identidad_cultural,a_la_informacion,a_la_integracion_de_discapacidad,a_la_integridad_fisica_y_psiquica,a_la_nacionalidad,a_la_participacion,a_la_salud,a_la_seguridad/vida_sin_violencia,a_la_seguridad_social,a_la_vida,a_la_vivienda_digna,a_sindicalizarse_y_a_la_negociacion_colectiva,a_sufragio/votar,acceso_a_informacion_publica,acceso_a_la_cultura,al_salario_equitativo,al_trabajo,amistad_civica,autonomia/libertad,bien_comun/comunidad,cambio_o_reforma_constitucional,ciudadania,congreso_o_parlamento_(estructura_y_funciones),contraloria_general/tribunales_de_cuentas,cumplimiento_de_las_leyes_y_normas,cumplimiento_de_obligaciones_fiscales,cumplimiento_de_tratados_y_obligaciones_internacionales,de_los_pueblos_indigenas,de_peticion_ante_las_autoridades,de_propiedad,de_proteccion_y_conservacion_de_patrimonio_historico_y_cultural,de_satisfacer_cargas_publicas,deberes_de_proteccion_de_conservacion_de_la_naturaleza,defensor_del_pueblo/ciudadano,democracia,derecho_de_asociacion,"derechos_del_nino,_nina_y_adolescente",desarrollo,descentralizacion,dignidad,diversidad,division_territorial,ejercicio_legitimo_y_no_abusivo_de_los_derechos,emprendimiento_libre,equidad_de_genero,estado_de_derecho,estado_de_excepcion,estado_laico,forma_de_estado:_federalismo/autonomias_regionales,fuerzas_armadas,gobierno_local/municipal,gobierno_nacional(estructura_y_funciones),gobierno_provincial,gobierno_regional,identidad_cultural,igualdad,igualdad_ante_la_ley,igualdad_ante_las_cargas_publicas,igualdad_ante_los_tributos,igualdad_de_acceso_a_la_justicia/debido_proceso,igualdad_de_genero,inclusion,innovacion/creatividad,integracion,jefatura_de_gobierno,juicio_politico_/acusacion_constitucional,justicia,justicia_constitucional,justicia_electoral,libertad_ambulatoria,libertad_de_conciencia,libertad_de_ensenanza,libertad_de_expresion,libertad_de_trabajo,libertad_personal,libre_iniciativa_economica_/_libre_empresa,ministerio_publico/_defensoria_publica,multiculturalidad,no_discriminacion,participacion,patriotismo,paz/convivencia_pacifica,"plebiscitos,_referendos_y_consultas",pluralismo,plurinacionalismo,poder_judicial_(estructura_y_funciones),presidencia_de_la_republica,privacidad_e_intimidad,probidad,proteccion_judicial_de_los_derechos,"proteccion,_promocion_y_respeto_de_los_derechos_humanos_y_fundamentales",republica,respeto,respeto/conservacion_de_la_naturaleza_o_medio_ambiente,respeto_a_la_naturaleza/medio_ambiente,respeto_de_derechos_de_otros,respeto_por_la_constitucion,responsabilidad,reunion_pacifica,regimen_de_gobierno_presidencial/semi-presidencial/parlamentario,seguridad,ser_elegido_en_cargos_publicos,servicio_a_la_comunidad,soberania,solidaridad,subsidiaridad,tolerancia,transparencia_y_publicidad,unidad
Aisen del General Carlos Ibanez del Campo/Aysen/Aysen,2,4,0,1,1,1,1,0,0,9,2,0,3,5,2,2,1,0,3,3,4,2,2,3,0,2,2,3,4,3,0,0,1,3,0,6,3,3,0,0,1,6,0,1,1,2,0,0,2,1,1,4,1,2,0,0,4,1,6,3,0,2,0,0,2,1,0,0,2,4,1,0,0,1,0,2,0,0,0,1,1,1,3,0,0,6,0,0,3,0,1,3,1,5,0,0,3,5,3,7,3,0,7,1,0,2,2,3,1,0,1,0
Aisen del General Carlos Ibanez del Campo/Capitan Prat/Cochrane,1,5,0,1,1,1,0,0,0,4,0,1,2,1,1,1,0,0,2,1,0,0,2,0,0,1,0,2,1,3,0,1,1,2,0,5,3,3,1,0,1,5,0,0,1,4,0,2,2,0,1,2,1,2,0,1,2,1,1,2,0,0,1,0,1,0,0,1,2,3,2,1,0,0,0,0,1,0,1,0,1,0,0,1,0,4,1,0,2,2,0,1,0,3,0,1,2,2,3,5,1,0,1,0,0,1,0,2,1,1,0,0
Aisen del General Carlos Ibanez del Campo/Capitan Prat/O'higgins,0,0,0,0,0,0,0,0,0,0,0,0,0,0,0,0,0,0,0,0,0,0,0,1,0,0,1,0,0,0,0,0,1,0,0,0,0,1,0,0,0,1,0,0,0,0,0,0,0,0,0,0,0,1,0,0,0,1,1,0,0,0,0,0,0,0,0,0,0,1,0,1,0,0,0,0,0,0,0,0,0,0,0,0,0,1,0,0,1,0,0,0,0,1,0,1,1,0,1,0,0,0,0,0,0,0,0,0,0,0,0,0
Aisen del General Carlos Ibanez del Campo/Capitan Prat/Tortel,0,2,0,0,1,0,0,0,1,2,0,1,1,0,0,0,0,0,0,0,0,0,2,0,1,1,1,0,1,0,0,0,0,1,0,2,1,2,0,1,0,2,0,0,1,2,0,0,0,0,0,0,0,2,0,1,2,0,2,1,0,0,0,0,0,0,0,0,0,0,0,1,0,0,0,1,0,1,0,0,1,0,0,0,0,2,1,0,0,1,0,2,0,2,0,1,1,0,1,1,2,0,0,0,1,2,0,0,0,0,0,0
Aisen del General Carlos Ibanez del Campo/Coyhaique/Coyhaique,2,63,0,6,5,5,6,1,13,66,19,28,22,17,8,11,0,3,15,14,3,16,35,20,4,41,16,43,15,22,5,0,6,54,8,64,27,48,1,13,4,43,7,6,10,32,4,26,12,5,21,30,19,31,10,3,50,11,63,32,0,2,6,10,14,6,1,1,10,35,10,4,0,8,4,26,2,7,3,11,10,7,10,2,4,62,0,2,27,30,3,10,5,64,4,21,50,25,54,57,19,0,24,13,0,28,3,17,4,6,3,1
Aisen del General Carlos Ibanez del Campo/Coyhaique/Lago Verde,0,2,0,0,0,0,0,0,1,2,0,0,0,1,0,0,0,0,1,1,0,1,1,0,0,0,2,0,1,1,1,0,0,2,0,2,0,0,0,0,0,1,1,0,0,1,0,0,0,0,0,0,2,2,0,1,1,0,0,1,0,1,0,0,0,0,0,0,0,1,0,2,0,0,0,1,0,0,0,0,1,1,0,0,1,1,0,0,1,0,0,0,1,2,0,2,1,0,1,1,0,0,0,2,0,0,0,0,0,1,1,0
Aisen del General Carlos Ibanez del Campo/General Carrera/Chile Chico,2,10,0,0,0,4,0,0,0,10,4,1,4,4,0,4,0,0,4,1,1,1,2,5,0,6,2,6,1,1,4,1,0,11,0,9,5,8,0,1,0,8,1,2,1,8,0,8,1,1,1,4,1,7,1,7,11,2,9,3,0,0,0,4,2,1,0,0,0,9,1,2,0,0,2,3,0,1,0,1,0,5,3,0,3,8,0,1,3,6,0,0,0,10,0,3,5,3,10,9,5,0,3,2,0,6,2,1,0,2,0,0
Aisen del General Carlos Ibanez del Campo/General Carrera/Rio Ibanez,0,1,0,0,0,0,0,0,0,1,0,1,1,0,0,0,0,0,0,0,0,0,1,1,0,1,1,1,1,0,0,0,0,1,0,1,0,1,0,0,0,1,0,0,0,1,0,1,0,0,0,1,0,1,0,0,1,0,0,1,0,0,0,0,0,0,0,0,0,1,0,0,0,0,0,0,0,0,0,0,0,0,0,0,0,1,0,0,0,0,0,1,0,1,0,0,1,0,0,1,0,0,0,0,0,0,0,0,0,0,0,0
Antofagasta/Antofagasta/Antofagasta,3,69,1,7,10,10,5,2,12,77,18,23,54,31,12,17,6,5,33,13,5,14,52,33,1,56,24,68,17,17,10,0,4,59,4,83,58,51,15,8,10,67,36,6,6,43,2,24,29,8,16,39,26,24,12,5,50,11,62,56,0,3,8,12,19,8,3,5,31,72,13,9,2,22,22,29,2,10,1,12,6,8,11,0,9,82,2,6,59,49,18,40,7,92,17,25,50,21,59,80,51,16,32,17,1,62,8,11,3,9,20,4
Antofagasta/Antofagasta/Mejillones,0,1,0,0,0,0,0,0,0,1,0,0,0,0,0,0,0,0,0,1,0,0,0,0,0,0,1,0,0,0,0,0,0,0,0,0,0,0,0,0,0,2,0,0,0,0,0,1,0,0,0,0,0,0,0,0,0,0,1,2,0,0,0,1,0,0,0,0,1,1,0,0,0,0,0,0,1,0,0,0,0,0,1,0,0,0,0,0,0,0,0,1,0,1,0,0,0,0,1,0,1,0,0,2,0,0,0,1,0,0,1,0
Antofagasta/Antofagasta/Sierra Gorda,0,0,0,0,0,0,0,0,1,1,0,0,0,0,1,0,0,0,1,0,0,0,0,0,0,0,0,1,0,0,0,0,0,0,0,1,1,0,0,0,0,1,1,0,0,1,0,1,0,0,0,1,1,0,0,0,0,1,0,1,0,0,0,0,1,0,0,0,0,0,0,1,0,0,0,0,0,0,0,0,0,1,0,0,0,1,0,0,0,0,0,0,0,0,0,0,1,0,1,1,0,0,0,1,0,1,0,0,0,0,0,0
Antofagasta/Antofagasta/Taltal,0,2,0,0,0,0,0,0,0,2,2,0,0,1,0,0,0,0,2,0,0,0,0,0,0,0,2,2,1,0,0,0,0,1,0,2,0,0,0,0,0,2,0,0,0,1,0,0,0,0,0,0,1,1,1,0,2,0,3,1,0,0,0,0,0,0,0,1,1,0,0,0,0,0,0,1,0,0,0,1,0,0,0,0,1,0,0,0,1,2,0,1,1,2,0,2,1,1,2,0,2,0,0,2,0,1,0,1,0,1,0,0
Antofagasta/El Loa/Calama,3,35,0,2,6,6,4,1,7,36,14,13,27,22,5,6,1,3,13,7,1,4,18,13,3,33,13,42,15,16,6,2,2,33,2,40,23,20,7,7,6,32,15,3,7,20,2,12,14,6,3,20,24,17,7,15,21,9,29,22,1,1,2,10,10,4,4,1,20,41,10,8,1,9,12,14,3,5,2,5,4,7,5,1,9,29,1,8,22,27,8,16,1,37,7,17,25,11,32,42,22,3,14,16,2,28,7,10,3,6,8,2
Antofagasta/El Loa/San Pedro de Atacama,0,0,0,0,0,0,0,0,1,0,0,0,0,0,0,0,1,0,0,0,0,1,1,0,0,1,0,0,0,0,1,0,0,1,0,1,0,0,1,0,0,1,0,0,1,0,0,0,0,0,0,1,0,0,0,0,1,1,0,1,0,0,0,0,0,0,0,0,0,1,0,0,0,0,0,0,0,0,0,0,1,0,0,0,0,0,0,0,0,0,0,0,0,0,0,0,1,1,1,1,0,0,0,0,0,0,0,0,0,0,0,0
Antofagasta/Tocopilla/Maria Elena,0,1,0,0,0,0,0,0,0,1,0,0,2,2,0,0,0,0,1,0,1,2,0,0,0,1,2,0,0,1,1,1,0,1,0,1,1,1,0,0,0,0,0,0,0,0,0,0,0,0,0,0,1,1,1,0,1,1,2,0,0,0,0,0,2,0,0,0,0,1,0,0,0,0,0,1,0,0,0,0,0,1,0,0,0,2,0,0,1,1,0,1,0,2,0,0,1,2,0,1,2,0,0,0,0,1,0,0,0,0,2,0
Antofagasta/Tocopilla/Tocopilla,1,4,0,0,1,0,0,0,0,6,2,3,1,4,3,0,1,0,1,0,0,1,3,1,0,2,2,4,1,1,2,0,0,5,0,7,3,6,0,2,0,6,3,0,1,3,0,3,4,0,1,1,2,0,1,0,3,0,4,5,0,0,1,3,2,0,0,0,3,5,1,1,0,1,2,1,0,0,0,0,0,0,2,0,0,5,0,1,2,2,0,1,0,6,1,3,3,3,3,7,3,0,2,2,0,2,0,0,0,0,2,0
Arica y Parinacota/Arica/Arica,8,61,0,8,7,6,6,4,10,65,15,25,19,33,5,9,2,2,20,10,3,18,33,32,1,38,28,51,13,26,9,1,1,60,3,67,30,44,3,16,8,50,14,6,4,42,3,22,14,7,15,31,20,32,9,6,42,9,54,29,0,3,8,9,12,3,1,3,15,46,6,8,0,6,3,19,1,7,1,12,14,16,17,2,3,50,2,7,40,28,5,15,4,66,1,18,34,28,45,52,25,2,19,18,4,43,11,12,2,3,12,2
Arica y Parinacota/Arica/Camarones,0,0,0,0,0,0,0,0,1,0,0,0,1,0,0,1,0,0,0,0,0,0,1,0,0,1,1,0,0,0,0,0,0,1,0,1,1,1,0,1,1,1,0,1,0,0,0,0,0,0,0,1,0,1,0,0,1,1,0,0,0,0,0,1,0,0,0,0,0,0,0,0,0,0,0,0,0,0,0,0,0,1,0,0,0,1,0,0,0,0,0,0,0,0,0,0,1,0,0,1,1,0,0,0,1,1,0,0,0,0,0,0
Arica y Parinacota/Parinacota/General Lagos,0,1,0,1,0,0,0,1,0,1,0,0,0,0,0,1,0,0,0,0,0,1,1,0,0,1,0,0,0,0,1,0,0,1,0,1,0,0,0,0,0,1,0,0,0,0,0,0,0,0,0,1,0,1,0,0,1,1,0,0,0,0,0,0,0,0,0,0,0,0,0,1,0,0,0,0,0,0,0,0,1,0,0,0,0,0,0,0,1,1,0,0,0,0,0,0,1,1,1,1,1,0,0,1,0,1,0,0,0,0,0,0
Arica y Parinacota/Parinacota/Putre,0,1,0,2,0,0,1,0,1,3,0,1,1,2,0,0,0,0,0,0,0,0,1,2,0,2,2,2,2,2,4,0,0,3,1,3,2,2,0,0,0,2,0,0,1,0,0,2,1,0,0,1,2,1,0,0,1,2,2,1,0,1,0,2,1,0,0,0,2,2,0,2,0,0,0,0,0,0,0,1,2,1,1,0,1,3,0,3,1,0,0,0,0,4,0,0,4,2,1,2,1,0,1,0,0,1,0,0,0,0,0,0
Atacama/Chanaral/Chanaral,0,4,1,1,0,2,0,0,0,6,2,0,2,3,0,0,1,0,2,1,0,2,1,1,0,2,3,3,3,2,0,0,0,5,1,3,0,1,0,1,1,6,0,2,1,3,0,4,1,0,0,2,3,3,2,4,1,0,5,3,0,0,0,2,1,0,0,0,3,5,0,2,0,0,0,2,0,0,0,1,2,2,0,0,0,4,0,0,2,3,0,1,0,5,0,4,1,1,3,4,4,0,1,3,0,3,0,0,1,0,0,0
Atacama/Chanaral/Diego de Almagro,4,15,0,0,1,3,2,0,2,16,4,6,4,10,6,5,0,0,9,7,0,4,4,9,0,11,5,11,4,2,2,0,0,13,1,14,6,10,0,0,1,15,7,0,2,11,0,4,3,0,0,8,9,10,5,2,8,3,11,5,0,1,0,2,2,1,0,1,8,14,4,0,0,0,0,3,0,0,0,0,0,2,2,0,1,15,0,3,4,5,0,3,0,12,0,6,10,3,14,12,11,0,4,6,0,10,2,0,0,3,3,1
Atacama/Copiapo/Caldera,1,4,0,0,0,2,1,0,0,6,0,0,3,3,0,0,0,0,2,1,0,1,3,2,0,2,2,4,1,2,2,0,0,4,0,6,3,4,0,1,1,5,1,2,1,3,0,4,1,1,2,6,1,2,1,0,2,0,2,2,1,0,0,1,4,0,0,0,2,5,0,0,0,0,1,4,3,0,0,1,1,2,0,0,0,4,0,0,2,1,0,0,0,5,0,3,4,4,6,6,2,0,1,0,0,1,1,0,0,1,1,1
Atacama/Copiapo/Copiapo,3,67,2,3,6,16,4,2,14,74,21,17,30,44,14,18,2,2,18,17,3,8,28,32,1,41,20,47,19,23,9,1,4,65,2,71,42,43,3,14,8,63,24,4,10,45,2,22,12,9,15,35,27,38,7,13,55,4,57,29,1,1,4,9,8,1,2,1,22,52,15,6,0,5,5,20,1,6,1,9,8,13,15,1,4,62,3,9,31,24,6,21,7,75,3,39,45,25,55,66,41,0,28,23,1,39,8,25,2,5,8,3
Atacama/Copiapo/Tierra Amarilla,1,4,1,1,1,1,1,0,1,8,2,1,5,3,2,1,1,0,3,2,2,1,4,5,0,1,3,5,3,3,0,0,0,7,1,8,5,5,0,1,0,4,2,2,4,3,0,2,1,1,1,1,4,3,3,1,3,0,10,2,0,0,2,2,2,1,1,1,0,7,4,3,0,1,0,4,0,2,0,0,0,2,0,0,1,6,0,0,0,3,0,1,0,7,0,5,3,3,8,6,4,0,4,3,1,4,1,2,0,2,3,0
Atacama/Huasco/Alto del Carmen,0,1,0,0,0,0,0,0,1,2,2,0,1,1,0,1,0,0,1,1,1,1,2,1,0,1,2,1,1,0,1,0,0,1,0,3,4,1,0,1,0,1,1,0,0,1,0,2,1,0,0,1,0,1,0,1,2,0,1,0,0,0,0,1,0,0,0,0,2,1,1,0,0,0,0,2,0,0,0,0,2,0,0,0,0,2,0,0,2,0,1,0,0,1,0,1,3,3,0,3,0,0,0,1,0,0,0,0,1,0,0,0
Atacama/Huasco/Freirina,0,2,0,0,1,0,2,1,2,3,2,0,2,1,1,2,0,0,3,0,2,3,1,1,1,2,1,3,1,1,1,0,1,4,1,4,2,2,0,1,3,5,0,0,0,1,0,2,0,1,0,2,2,1,1,0,1,0,2,1,0,0,0,1,0,1,0,1,1,3,1,0,0,0,1,2,0,0,1,0,0,0,1,0,0,2,0,1,2,3,0,0,0,3,0,0,3,0,2,4,1,0,2,1,2,2,0,0,0,1,3,0
Atacama/Huasco/Vallenar,1,12,0,1,2,3,2,1,4,16,3,4,5,7,2,2,0,2,6,5,1,4,4,7,0,9,5,8,4,4,4,0,0,11,1,15,9,8,0,4,2,11,4,3,4,9,0,5,3,2,3,4,8,9,2,4,9,1,11,8,0,0,2,2,5,1,1,1,4,13,4,5,0,1,0,5,1,0,0,3,0,5,4,1,2,12,0,0,2,10,1,3,1,13,0,9,12,4,10,14,9,0,2,2,1,14,1,2,0,2,6,1
Biobio/Arauco/Arauco,1,6,0,2,0,1,0,0,2,6,0,4,1,4,1,2,0,0,2,0,1,1,4,1,0,2,2,4,1,2,0,0,1,5,0,6,2,2,0,0,1,3,0,0,1,2,0,0,0,0,1,1,3,4,0,3,4,0,3,2,0,0,0,0,0,0,1,0,0,2,0,1,0,0,0,2,0,0,0,3,3,3,0,0,2,3,0,0,2,1,0,1,0,3,0,3,2,0,3,3,3,0,3,3,0,4,1,0,0,2,2,0
Biobio/Arauco/Canete,1,9,1,3,1,2,3,1,1,11,3,5,7,6,3,6,0,0,5,2,0,5,4,6,1,7,3,9,4,2,4,0,1,8,2,12,6,6,0,0,3,7,1,0,0,8,0,4,1,0,1,6,4,7,3,2,7,2,11,5,0,0,2,2,2,0,0,1,4,9,1,1,0,0,0,5,1,0,0,3,1,3,2,0,1,9,0,4,7,2,1,3,0,11,0,6,9,2,8,6,4,0,3,4,0,6,0,2,0,3,4,0
Biobio/Arauco/Contulmo,0,3,0,1,0,0,1,1,1,3,0,2,1,0,0,1,0,0,1,2,0,1,1,1,0,1,2,0,0,0,1,0,1,3,0,3,2,1,0,1,0,2,2,0,2,3,0,1,0,1,0,1,1,2,0,0,2,0,4,2,0,0,0,0,2,0,0,0,3,1,0,0,0,1,0,2,0,0,0,0,1,0,0,0,0,3,0,2,2,0,0,0,0,3,0,2,2,1,1,3,4,0,3,1,0,2,1,2,0,1,1,0
Biobio/Arauco/Curanilahue,1,9,0,0,2,2,2,1,1,13,6,3,5,5,2,6,1,1,5,3,2,0,2,7,0,1,4,11,4,4,1,0,1,8,1,6,8,9,0,3,4,6,3,1,2,9,1,3,2,0,1,2,5,4,0,4,8,1,12,6,0,0,2,1,4,2,1,1,1,8,6,3,0,0,0,5,0,0,0,4,1,5,3,0,4,10,0,3,6,4,0,0,1,11,0,7,6,1,9,8,7,0,3,8,1,11,1,1,0,0,1,0
Biobio/Arauco/Lebu,3,5,0,1,0,1,0,0,1,5,3,2,4,2,1,1,1,0,2,3,1,1,2,3,0,3,3,4,1,1,1,0,0,4,0,7,5,7,0,0,0,2,2,1,3,5,1,2,1,0,1,2,3,2,1,1,2,1,7,3,0,0,1,1,3,0,0,0,3,4,3,2,0,0,0,2,0,0,1,1,3,3,0,0,2,5,0,1,4,0,1,0,1,8,0,4,3,4,6,7,3,0,4,1,0,4,0,2,0,2,2,0
Biobio/Arauco/Los Alamos,0,2,0,1,0,0,0,0,0,2,0,2,0,2,0,1,0,0,1,0,0,0,1,2,0,2,1,3,0,0,0,0,1,3,0,1,1,1,0,0,1,2,1,0,2,2,0,0,0,0,0,0,1,1,1,1,1,0,4,0,0,0,0,0,0,0,1,0,0,1,0,1,0,0,0,0,1,0,0,0,0,1,2,0,0,1,0,0,1,2,0,1,1,2,0,1,1,2,0,1,2,0,0,1,1,2,1,1,0,0,2,0
Biobio/Arauco/Tirua,1,2,0,0,0,0,0,0,0,2,0,1,0,0,0,0,0,0,0,0,0,0,0,0,0,0,0,0,0,0,1,0,0,1,0,1,1,0,0,1,0,1,0,0,0,1,0,0,0,0,1,0,0,1,0,0,0,0,0,1,0,0,0,0,0,0,0,0,0,2,0,0,0,0,0,0,0,0,0,0,0,0,0,0,0,1,0,1,0,0,0,0,0,1,0,2,0,0,0,0,1,0,0,1,0,1,1,0,0,0,0,0
Biobio/Bio Bio/Alto Biobio,0,0,0,0,0,0,0,0,0,0,0,0,0,0,0,0,0,0,0,0,0,0,0,0,0,0,0,0,0,0,0,0,0,1,0,1,1,1,0,0,0,1,0,0,1,0,0,0,0,0,0,0,0,0,0,0,0,1,0,0,0,0,0,0,0,0,1,0,0,0,0,0,0,0,0,0,0,0,0,0,0,0,0,0,0,1,0,1,0,0,0,0,0,1,0,0,0,0,0,1,0,0,0,0,0,0,0,0,0,0,0,0
Biobio/Bio Bio/Antuco,0,1,0,0,0,0,0,0,0,1,0,0,0,0,0,1,0,0,0,0,0,0,0,0,0,0,1,1,0,0,0,0,0,1,0,0,0,1,0,0,0,1,0,0,0,1,0,0,0,0,0,0,0,1,0,1,1,0,1,1,0,0,0,0,0,0,0,0,0,1,0,0,0,0,0,1,0,0,0,0,0,0,1,0,0,1,0,0,1,1,0,0,0,1,0,0,1,0,0,1,0,0,0,0,0,1,0,0,0,0,1,0
Biobio/Bio Bio/Cabrero,0,3,0,0,1,0,0,0,0,3,2,0,1,1,0,1,0,0,3,0,0,0,1,1,0,2,2,3,1,0,0,0,0,1,0,4,0,2,0,0,1,3,0,0,1,3,0,2,0,0,0,0,2,2,1,1,3,0,2,3,0,2,0,2,0,0,0,0,0,2,1,1,0,0,0,0,0,0,0,1,0,2,1,0,0,1,0,1,0,1,0,2,0,1,0,3,2,2,2,3,3,0,2,2,0,1,1,1,0,1,0,0
Biobio/Bio Bio/Laja,0,0,0,0,0,0,0,0,0,0,1,0,0,0,0,0,0,0,0,1,0,0,0,0,0,1,1,1,1,0,0,0,0,0,0,1,1,0,0,0,0,0,1,0,0,1,0,1,0,0,0,0,0,1,0,0,1,0,2,1,0,0,0,0,0,0,0,0,0,1,0,0,0,0,0,0,0,0,0,0,0,0,0,0,0,1,0,0,1,0,0,0,0,1,0,1,0,0,1,0,1,0,0,1,0,0,0,0,0,0,1,0
Biobio/Bio Bio/Los Angeles,3,23,1,2,3,3,3,1,4,27,10,10,20,14,4,7,1,2,12,6,2,7,6,10,2,18,9,18,6,8,3,1,0,19,3,27,14,21,0,1,3,20,5,2,5,20,1,6,5,1,8,12,15,13,3,5,16,3,23,11,0,0,3,8,6,4,1,2,6,20,7,2,0,1,2,10,2,1,1,1,6,5,7,1,2,21,0,1,19,16,0,9,1,29,0,12,20,12,23,26,15,2,9,14,2,15,1,4,2,3,4,1
Biobio/Bio Bio/Mulchen,0,1,0,1,1,0,1,0,0,3,0,0,1,2,1,3,0,1,1,0,2,3,1,0,1,1,1,1,2,1,0,1,0,1,0,2,1,3,0,0,1,3,0,2,0,0,0,0,2,0,1,0,0,0,2,1,1,1,4,0,0,0,3,1,0,0,0,1,1,0,0,2,0,0,0,0,0,1,0,3,1,1,0,0,0,2,0,0,2,2,0,2,1,3,0,0,1,1,2,2,1,0,4,0,0,1,1,1,0,0,0,0
Biobio/Bio Bio/Negrete,0,0,0,0,0,0,0,0,1,0,1,0,0,0,0,0,0,0,0,1,1,0,0,1,0,0,0,0,0,0,0,0,0,0,0,1,0,0,0,0,0,1,0,0,0,0,0,0,0,0,0,0,0,1,0,0,1,0,1,0,0,0,0,0,0,0,0,0,0,0,0,0,0,0,0,0,0,0,0,0,0,1,0,0,0,1,0,0,0,0,0,0,1,0,0,1,0,1,1,0,0,0,0,0,0,1,0,1,0,1,0,0
Biobio/Bio Bio/Quilaco,0,1,0,0,0,0,0,0,0,1,0,0,0,0,0,0,0,0,1,0,0,0,0,0,0,1,0,1,0,1,0,0,0,1,0,1,1,0,0,0,0,1,0,0,0,1,0,1,0,0,0,0,0,0,0,1,1,0,0,1,0,0,0,0,1,0,0,0,0,0,1,0,0,0,1,0,0,0,0,0,0,0,0,0,0,1,0,1,0,0,0,0,1,1,0,1,0,1,0,0,1,0,1,0,0,0,1,0,0,0,1,0
Biobio/Bio Bio/San Rosendo,0,1,0,0,0,0,0,0,0,1,0,0,0,1,0,0,0,0,0,0,0,0,0,0,0,1,0,0,0,0,1,0,0,1,0,0,0,1,0,0,1,0,0,0,1,0,0,1,1,0,0,1,1,0,0,0,0,0,1,1,0,0,0,0,0,0,0,0,0,0,0,0,0,0,0,0,1,1,0,0,0,0,0,0,0,1,0,0,1,0,0,0,0,1,0,0,1,0,0,1,1,0,0,0,0,0,0,0,0,0,1,0
Biobio/Bio Bio/Santa Barbara,1,2,0,0,0,1,2,0,0,2,1,1,1,1,0,2,0,0,1,0,1,0,1,1,0,1,1,2,0,1,0,0,0,3,0,3,1,3,0,0,0,2,1,1,0,2,1,0,0,0,0,0,2,3,0,0,3,2,3,1,0,0,0,0,1,0,0,0,1,2,0,1,0,0,0,1,0,0,0,0,0,1,0,0,0,3,0,0,1,1,0,0,0,3,0,1,2,1,2,1,1,0,1,0,0,2,0,0,1,1,0,0
Biobio/Bio Bio/Tucapel,0,2,0,0,1,1,1,0,0,1,1,1,1,0,0,1,0,0,2,0,0,0,0,1,0,3,1,3,0,1,1,0,0,1,0,3,2,3,0,0,0,2,0,0,0,3,0,0,0,0,0,1,3,2,0,1,3,1,4,1,0,0,0,1,1,0,0,0,2,3,0,0,0,0,1,2,2,0,0,0,0,1,2,0,1,3,0,1,3,3,1,1,0,4,0,2,0,4,2,4,4,0,0,1,0,3,0,1,0,2,1,0
Biobio/Bio Bio/Yumbel,0,4,0,0,0,1,0,0,3,6,4,1,4,3,0,2,1,0,0,3,1,1,3,1,0,4,4,4,1,1,1,0,0,5,0,5,2,6,0,1,0,5,3,0,3,3,2,0,0,0,0,1,4,4,0,1,5,1,3,5,0,0,0,1,0,0,1,2,0,5,1,1,0,0,0,1,0,0,0,1,0,1,0,0,0,4,0,0,3,3,0,2,1,5,0,4,5,0,5,4,6,0,3,2,1,5,1,2,0,0,0,0
Biobio/Concepcion/Chiguayante,2,13,0,0,5,2,1,0,2,14,6,4,2,6,3,1,0,2,7,2,0,0,5,9,2,8,5,14,4,3,2,0,2,9,0,14,11,9,0,2,1,8,2,2,1,7,0,7,5,0,3,5,8,12,1,0,8,1,10,6,0,1,1,3,3,0,3,1,4,12,1,3,1,0,1,7,0,0,0,1,1,4,4,0,1,15,0,1,4,3,0,4,2,15,0,7,8,4,12,10,10,0,6,4,0,9,0,3,0,4,1,1
Biobio/Concepcion/Concepcion,13,87,1,6,18,6,8,1,21,85,13,33,39,31,17,11,9,5,16,19,2,26,47,40,3,60,25,57,22,26,13,1,5,73,5,87,60,61,3,15,4,65,28,10,12,69,1,27,21,5,39,43,42,27,9,5,36,8,86,49,1,3,8,19,14,1,6,0,24,58,11,9,0,14,7,25,3,11,1,15,17,22,22,1,5,95,6,17,44,22,3,14,11,101,0,32,59,29,80,71,33,0,34,19,4,38,2,28,1,7,21,2
Biobio/Concepcion/Coronel,0,7,0,0,1,1,0,0,1,12,4,2,7,6,3,1,0,0,6,3,1,1,3,4,0,6,4,9,2,6,0,1,0,6,1,10,5,6,0,1,0,8,3,0,1,6,0,5,2,1,2,3,6,5,3,2,7,2,12,6,0,0,0,3,1,1,0,0,4,8,2,3,0,1,0,5,0,0,0,5,2,3,4,0,1,7,0,0,4,5,0,3,1,11,0,6,8,3,5,11,10,0,4,2,1,4,0,2,0,1,1,0
Biobio/Concepcion/Florida,0,2,0,0,0,0,0,0,0,1,0,2,1,1,0,0,0,0,0,0,0,0,0,0,0,1,3,3,0,1,0,0,0,0,0,2,0,0,0,0,0,2,1,0,1,2,0,0,0,0,0,1,0,2,0,0,1,0,2,1,0,0,0,1,0,0,1,0,1,1,0,0,0,0,0,0,0,0,0,0,0,0,0,0,1,1,0,0,0,0,0,0,0,2,0,2,1,0,2,1,2,0,0,1,0,0,0,0,0,0,0,0
Biobio/Concepcion/Hualpen,0,9,0,1,1,1,0,0,1,9,5,3,3,7,2,1,0,1,2,3,1,1,4,4,1,6,4,8,3,2,4,0,0,8,0,8,6,7,0,0,1,6,4,0,0,5,0,0,2,0,0,4,3,5,1,1,6,2,9,2,0,0,1,2,4,2,0,0,4,8,1,0,0,1,0,3,0,0,0,0,2,1,2,1,0,8,0,2,4,2,0,1,0,9,0,3,7,2,5,7,2,0,4,1,0,3,0,4,0,1,2,0
Biobio/Concepcion/Hualqui,1,2,0,0,0,0,0,0,1,3,0,2,0,1,0,1,0,0,1,0,0,0,1,1,0,1,1,2,0,1,0,0,1,2,0,3,2,1,0,0,1,2,0,0,0,3,0,1,0,0,0,0,1,1,0,1,2,0,2,1,0,0,1,0,0,0,0,0,0,1,1,1,0,0,0,0,0,0,0,0,0,1,2,0,0,3,0,0,1,0,0,1,0,2,0,0,3,2,0,1,1,0,0,1,0,1,1,1,0,0,1,0
Biobio/Concepcion/Lota,0,5,0,0,0,1,0,0,0,5,1,1,4,1,1,2,0,0,4,2,1,2,1,1,0,4,3,3,0,4,1,0,0,5,0,4,5,5,0,1,1,2,1,0,0,4,0,0,0,0,1,1,3,2,0,0,4,1,7,1,0,0,0,0,2,0,1,0,0,6,1,3,0,0,0,4,0,0,0,0,2,0,2,0,0,4,0,0,1,3,0,1,2,5,0,2,3,2,6,4,1,0,3,1,0,1,0,0,0,2,0,2
Biobio/Concepcion/Penco,1,3,0,0,0,0,0,0,0,3,0,2,0,3,1,0,0,1,1,2,0,1,1,1,0,2,0,2,1,1,1,0,1,0,1,3,2,2,0,0,0,2,2,1,0,2,0,1,1,0,1,2,0,0,0,0,0,0,2,1,0,0,0,0,0,0,0,0,1,2,2,0,0,0,0,0,0,0,0,0,0,0,0,0,0,2,0,0,0,0,0,0,0,3,0,2,1,0,2,3,1,0,2,0,0,1,1,1,0,1,0,0
Biobio/Concepcion/San Pedro de La Paz,1,17,0,2,2,2,0,0,3,16,4,9,10,6,2,3,1,1,1,5,0,6,6,4,0,9,6,14,7,3,0,0,1,10,1,16,7,9,1,7,2,11,3,2,2,7,0,8,5,3,6,7,2,6,0,1,10,1,10,7,0,0,1,3,4,0,0,0,4,8,4,0,0,2,0,3,0,1,1,3,5,0,2,0,2,13,1,3,8,6,0,3,2,15,2,5,14,6,13,11,10,0,7,0,0,3,1,2,0,0,3,0
Biobio/Concepcion/Santa Juana,0,0,0,0,1,0,0,0,1,0,1,1,0,0,0,2,1,0,0,0,1,0,1,0,0,0,0,0,0,0,0,0,0,0,0,1,0,0,0,2,0,1,0,0,0,1,0,0,1,0,0,1,0,0,0,0,0,0,2,0,0,0,1,0,1,0,0,0,1,2,0,0,0,0,0,0,0,0,0,0,1,0,1,0,0,1,0,0,0,0,0,0,0,1,0,0,0,0,0,0,0,0,0,0,0,0,0,0,0,0,1,0
Biobio/Concepcion/Talcahuano,0,18,0,4,2,1,0,0,5,17,4,9,6,8,6,1,1,2,8,4,2,5,7,7,0,13,4,12,7,6,5,0,1,14,1,17,8,16,0,1,1,15,6,0,1,12,0,8,6,1,6,7,9,10,2,0,11,2,13,8,0,0,1,3,0,0,1,0,5,12,1,3,0,2,1,5,0,1,0,0,5,2,4,0,1,19,0,1,6,6,0,5,1,20,0,5,17,10,10,16,8,0,14,3,2,8,2,4,0,1,2,0
Biobio/Concepcion/Tome,1,4,0,0,1,0,0,0,1,5,0,0,5,1,0,2,1,1,0,2,2,0,3,0,0,2,3,4,0,2,2,1,0,5,1,6,1,4,0,1,1,3,3,0,2,2,0,1,2,1,2,1,4,2,0,0,5,1,7,3,0,0,0,1,0,0,0,0,2,6,1,0,0,1,1,0,0,0,0,1,0,1,1,1,0,4,0,0,5,1,0,1,0,7,0,3,4,0,5,4,0,0,4,1,0,6,1,1,0,2,1,0
Biobio/Nuble/Bulnes,0,7,0,0,2,1,1,0,1,8,0,3,3,0,0,2,1,0,3,3,0,1,2,1,0,4,3,5,0,2,0,0,0,7,1,7,3,4,0,2,0,5,0,0,1,4,0,2,2,1,0,2,4,3,2,1,3,0,5,2,0,1,3,0,1,0,1,0,2,6,0,0,0,0,0,5,1,1,0,1,5,1,1,0,0,6,0,1,5,1,1,3,0,7,0,4,4,3,2,6,4,0,2,0,0,4,0,0,2,2,3,0
Biobio/Nuble/Chillan,7,58,0,5,11,7,7,2,12,71,19,25,38,32,14,14,0,8,25,21,1,16,26,32,5,44,27,52,14,19,9,2,6,68,6,83,39,59,3,4,6,45,26,8,13,58,4,22,21,6,25,30,38,36,4,10,32,13,65,37,1,1,12,11,13,4,6,2,18,49,11,4,2,9,8,26,8,5,2,13,10,14,15,0,8,75,0,3,44,31,4,20,5,74,1,35,52,29,50,65,42,2,38,11,1,42,5,17,5,18,13,1
Biobio/Nuble/Chillan Viejo,0,5,1,3,0,0,1,1,1,6,1,1,2,2,1,2,1,0,2,2,3,1,4,3,0,5,1,6,1,1,2,0,1,4,1,7,3,4,1,0,0,4,3,0,0,4,1,1,0,0,0,3,2,5,0,0,2,2,7,3,0,0,1,2,1,0,0,1,3,4,2,0,0,1,0,4,1,0,0,0,2,0,2,0,0,7,0,1,2,5,0,1,0,8,0,4,4,2,4,5,0,0,1,1,0,3,2,1,1,2,1,0
Biobio/Nuble/Cobquecura,1,2,0,0,0,0,0,0,0,2,1,0,0,1,1,1,0,0,1,0,1,0,0,0,0,0,0,1,1,0,0,0,0,1,1,2,1,1,0,1,0,1,1,0,0,1,0,0,1,0,0,0,2,1,0,1,1,1,1,1,0,0,0,0,0,0,0,0,0,1,0,0,0,1,0,0,0,0,0,0,0,0,0,0,0,1,0,1,2,0,0,0,0,2,0,0,2,1,0,2,1,0,1,1,0,0,0,0,0,0,1,0
Biobio/Nuble/Coelemu,0,1,0,0,0,0,1,0,0,4,1,0,1,1,1,0,0,0,1,1,0,0,0,2,1,2,1,2,0,0,1,1,0,3,0,3,0,0,0,0,0,3,1,0,1,1,1,0,0,1,0,1,4,2,0,0,0,0,1,0,0,1,1,1,1,0,0,0,0,2,1,0,0,0,0,0,1,0,0,0,0,0,0,0,0,2,0,1,1,1,0,2,0,2,0,0,3,0,2,1,1,0,1,0,0,2,0,0,0,1,1,0
Biobio/Nuble/Coihueco,0,12,0,1,1,1,1,0,0,11,3,1,7,6,1,5,2,0,5,6,0,3,3,3,0,4,2,8,3,7,4,0,0,7,0,11,6,9,0,0,0,10,1,3,2,0,0,3,2,0,0,1,10,10,2,0,12,3,6,3,0,1,2,0,2,0,1,0,0,5,0,0,0,0,0,3,1,0,0,1,1,4,1,0,0,10,0,0,5,5,0,5,0,8,0,6,4,1,12,9,6,0,0,8,0,2,0,0,0,4,4,2
Biobio/Nuble/El Carmen,0,5,0,0,1,0,1,0,0,7,2,1,3,2,1,1,0,0,2,2,0,2,2,1,0,0,2,6,0,1,1,0,0,5,0,6,3,2,0,0,1,3,2,1,1,4,1,1,0,2,0,2,3,1,1,1,1,1,5,5,0,1,0,2,2,0,0,0,2,6,4,2,0,1,1,3,0,0,0,3,0,2,0,0,1,4,0,0,4,3,0,0,0,5,0,3,6,2,6,4,5,0,0,2,0,0,0,1,0,0,3,0
Biobio/Nuble/Ninhue,0,1,0,0,0,0,0,0,0,1,0,0,1,0,0,0,0,0,0,0,0,0,1,0,0,1,0,1,0,0,0,0,0,0,0,0,0,0,0,0,0,0,0,0,0,1,0,1,0,0,0,0,1,0,0,0,1,0,0,0,0,0,0,0,0,0,0,0,0,0,0,0,0,0,0,1,0,0,0,0,0,1,0,0,1,0,0,0,0,0,0,0,0,0,0,0,0,0,0,0,1,0,0,0,0,1,0,0,0,1,0,0
Biobio/Nuble/Pemuco,0,2,0,1,0,1,0,0,1,1,0,2,0,2,0,1,0,0,0,1,0,0,2,0,0,1,0,1,0,0,0,0,0,2,0,3,0,2,1,0,0,1,0,0,0,1,0,0,0,0,1,0,3,2,0,0,2,0,0,1,0,1,0,0,1,0,1,0,0,0,0,0,0,0,0,1,0,0,0,0,0,0,0,0,0,1,0,0,1,3,0,2,0,2,0,2,0,1,1,1,1,0,0,1,0,0,0,2,0,1,0,0
Biobio/Nuble/Pinto,0,3,0,0,0,0,0,0,0,3,0,1,1,3,1,1,1,0,0,2,0,0,0,0,0,1,2,1,1,2,1,0,0,1,0,2,0,1,0,0,0,2,0,0,0,2,0,2,0,1,1,0,2,2,0,1,3,0,4,1,0,0,0,1,1,0,0,0,0,1,1,0,0,0,0,0,0,0,0,0,0,1,0,0,0,2,0,0,2,1,0,2,0,1,0,2,1,0,1,3,1,0,0,1,0,1,0,0,0,1,1,1
Biobio/Nuble/Portezuelo,0,1,0,0,0,0,0,0,0,1,0,0,1,0,0,1,0,0,0,1,0,0,0,1,0,1,1,1,1,1,0,0,0,1,0,1,0,1,0,0,0,0,0,0,0,0,0,0,1,0,0,0,0,0,0,0,0,0,0,1,0,0,0,0,0,0,0,0,1,1,0,0,0,0,0,1,0,0,0,0,0,0,0,0,0,1,0,0,1,0,0,0,0,1,0,0,0,0,0,1,1,0,1,1,0,0,0,0,1,0,1,0
Biobio/Nuble/Quillon,0,2,0,0,0,1,0,0,0,2,1,1,1,0,0,0,0,0,1,0,0,0,1,0,0,0,0,1,1,0,0,0,0,0,0,1,1,2,0,0,0,1,0,0,1,0,0,0,0,1,0,0,1,2,0,2,2,0,2,1,0,0,0,0,0,0,0,0,0,2,0,0,0,0,1,1,0,0,1,1,0,0,0,0,0,1,0,1,0,1,0,0,0,1,0,1,0,0,2,1,1,0,0,0,0,2,0,0,0,1,1,0
Biobio/Nuble/Quirihue,0,4,0,0,0,1,0,0,0,3,0,0,2,3,0,1,0,0,2,2,0,0,0,0,0,1,0,3,0,0,0,0,0,4,1,1,0,1,0,1,0,1,1,0,0,2,0,0,0,0,0,1,0,2,0,0,1,0,1,1,0,0,0,0,0,1,0,0,1,3,0,0,0,0,0,0,0,0,0,0,0,0,0,0,1,1,0,0,0,1,0,2,0,2,0,3,1,1,1,2,1,0,0,0,0,0,0,1,0,0,0,2
Biobio/Nuble/Ranquil,0,1,0,0,1,0,0,0,0,1,0,1,0,0,0,0,0,0,1,0,0,0,1,0,0,1,0,1,0,1,0,0,0,1,0,1,0,0,0,0,0,1,1,0,0,0,0,0,0,0,1,1,0,1,0,0,0,0,0,0,0,0,0,0,0,0,0,0,0,0,1,0,0,0,0,0,0,0,0,0,1,0,1,0,0,1,0,0,0,0,0,1,1,1,0,0,0,1,0,1,1,0,1,0,0,0,0,0,0,0,0,0
Biobio/Nuble/San Carlos,0,14,0,1,4,0,2,0,3,15,5,2,12,10,3,2,2,0,6,5,2,1,4,6,0,7,3,8,5,5,2,0,0,8,1,14,4,7,1,1,1,7,6,1,1,8,0,3,2,0,4,2,7,7,0,2,4,3,11,3,0,0,1,1,3,1,1,0,2,13,1,0,0,1,1,4,0,0,0,6,1,2,2,0,5,9,0,1,8,3,0,5,0,14,1,7,7,6,10,11,6,0,5,3,0,10,2,2,0,1,2,0
Biobio/Nuble/San Fabian,0,0,0,0,0,0,0,0,0,0,0,0,0,0,1,1,0,0,0,0,0,0,0,0,0,0,0,0,0,1,0,0,0,0,0,1,0,0,0,0,0,1,0,0,0,0,0,0,0,0,0,0,0,0,0,0,0,0,0,1,0,0,0,1,0,0,0,0,0,0,0,0,0,0,0,0,0,0,0,0,0,0,0,0,0,0,0,0,0,1,0,0,0,0,0,0,1,0,1,1,0,0,0,0,0,0,0,0,0,0,0,0
Biobio/Nuble/San Ignacio,0,1,1,0,0,0,0,0,0,2,1,0,1,1,1,0,0,0,2,0,0,1,0,0,0,1,1,2,0,1,0,0,0,2,0,2,1,1,0,0,0,0,0,0,0,1,0,0,0,0,0,1,1,1,1,0,0,1,3,1,0,0,0,0,0,0,0,0,1,2,0,0,0,0,0,0,0,0,0,0,0,0,0,0,0,2,0,0,2,2,0,0,0,2,0,1,1,2,1,2,1,0,0,2,0,0,0,1,0,1,1,0
Biobio/Nuble/San Nicolas,0,5,0,1,0,1,0,0,1,6,1,1,3,3,1,3,0,0,2,3,0,2,1,1,0,4,2,7,1,1,1,0,0,2,0,6,3,3,0,1,0,4,0,1,3,4,0,3,0,1,0,3,3,4,0,3,0,2,6,4,0,0,1,2,2,0,0,0,3,5,1,1,0,0,0,1,0,0,0,0,0,2,0,0,1,3,0,0,3,5,1,1,0,6,0,6,3,3,6,6,4,0,3,5,1,3,0,2,0,0,2,0
Biobio/Nuble/Treguaco,0,3,0,0,0,0,0,0,1,2,1,1,0,0,0,0,0,0,2,0,0,1,0,0,0,0,1,1,1,1,0,0,0,1,1,3,2,1,0,0,0,2,1,0,0,1,1,0,0,0,0,0,0,3,0,2,2,0,1,2,0,0,1,0,0,0,0,0,1,3,0,0,0,0,0,1,0,0,0,0,0,0,1,0,1,2,0,0,1,1,0,1,1,2,0,1,1,1,1,1,4,0,1,1,0,1,0,0,1,0,0,0
Biobio/Nuble/Yungay,0,2,0,0,0,0,0,0,2,4,1,1,3,1,0,1,0,1,1,2,0,0,1,0,0,2,1,2,1,0,1,0,0,3,0,4,2,2,0,0,0,2,1,0,2,2,0,2,1,1,1,1,1,2,1,0,2,0,4,2,0,0,0,0,1,0,1,1,1,1,0,1,0,0,1,0,0,0,0,1,0,1,1,0,0,2,0,0,1,2,0,1,0,4,0,2,3,2,3,3,2,0,1,0,0,0,0,0,0,1,1,0
Biobio/Nuble/Niquen,0,1,0,0,0,0,0,0,0,1,1,0,0,1,0,2,0,0,0,0,0,0,0,0,0,0,0,0,0,0,0,0,0,1,0,1,0,0,0,0,0,1,1,0,0,0,0,1,0,0,0,0,0,0,1,0,0,2,1,1,0,0,1,0,0,0,0,0,2,0,0,0,0,0,0,0,0,0,0,0,1,0,0,0,0,0,0,0,0,0,0,0,0,0,0,0,2,0,0,1,1,0,1,0,0,0,0,0,1,0,0,0
Coquimbo/Choapa/Canela,1,12,0,0,0,1,0,0,2,17,5,3,8,11,0,2,2,2,6,2,1,2,2,9,0,5,4,12,1,2,0,0,1,10,0,11,9,10,0,2,2,6,7,1,0,8,1,3,3,1,0,3,4,15,3,2,6,2,11,10,0,0,0,1,3,0,0,0,2,13,1,3,0,1,0,0,0,1,1,4,2,3,0,0,1,14,0,1,3,4,0,1,1,14,0,13,14,5,11,13,9,0,1,5,1,8,0,2,0,1,4,1
Coquimbo/Choapa/Illapel,2,11,0,2,0,3,1,0,1,10,4,3,8,6,0,2,1,2,8,3,1,0,3,4,0,3,5,7,2,0,1,0,1,6,0,14,7,5,0,2,1,11,4,1,3,10,0,5,1,0,0,6,4,7,3,4,5,2,5,4,0,0,1,0,2,1,1,0,6,10,3,1,0,0,0,4,0,3,0,1,1,3,5,0,1,11,0,0,4,3,0,5,0,9,1,5,10,2,7,9,8,0,4,6,0,8,0,2,0,1,6,0
Coquimbo/Choapa/Los Vilos,0,10,0,0,1,1,1,2,2,11,6,2,5,6,3,4,1,0,4,2,1,6,4,3,1,6,9,11,5,4,3,0,1,7,1,13,9,10,0,0,3,9,3,1,1,6,1,6,1,0,2,5,4,10,1,0,5,1,7,3,0,1,3,1,3,1,0,2,1,8,1,0,0,2,0,6,0,0,1,1,1,6,3,0,1,10,0,1,6,6,0,2,2,11,0,6,9,1,9,4,2,0,3,2,1,7,1,1,0,2,1,0
Coquimbo/Choapa/Salamanca,1,10,0,0,0,2,0,0,2,11,3,3,2,2,3,1,0,1,4,1,1,3,3,7,0,4,3,6,2,4,1,0,1,9,0,9,6,5,0,1,1,9,4,3,2,7,0,4,1,2,1,5,4,3,1,2,4,1,7,2,0,1,2,0,2,0,0,0,2,9,2,3,0,0,0,3,1,0,0,0,2,2,1,0,0,6,0,0,4,6,0,2,0,9,0,4,8,3,7,7,6,0,3,3,0,5,3,1,0,0,0,0
Coquimbo/Elqui/Andacollo,0,1,0,0,0,0,1,1,0,2,0,0,0,1,0,2,0,0,0,1,2,0,0,0,0,2,1,2,0,2,1,0,0,3,1,3,0,1,0,0,0,1,2,0,0,1,0,1,0,0,0,0,0,2,2,2,3,1,3,1,0,1,1,1,1,0,0,0,0,2,0,0,0,0,0,1,0,0,0,1,1,1,0,0,0,1,0,0,3,3,0,0,0,2,0,2,3,2,3,4,0,0,1,1,1,1,0,0,0,0,0,0
Coquimbo/Elqui/Coquimbo,1,51,0,1,8,11,4,1,13,53,16,18,26,30,14,15,2,7,31,8,4,13,18,24,0,36,18,44,17,18,9,0,2,47,5,56,32,31,1,10,7,41,15,6,7,37,2,20,11,5,12,13,27,23,2,10,38,4,41,32,0,0,1,9,15,3,2,5,18,46,4,8,0,5,4,14,2,6,1,12,6,11,11,2,4,45,1,6,28,28,1,19,1,54,1,29,40,15,42,43,36,1,20,21,3,27,6,8,1,7,7,2
Coquimbo/Elqui/La Higuera,0,1,0,1,1,0,0,0,0,1,0,0,1,1,0,0,0,0,1,1,0,0,0,0,0,0,0,0,0,1,1,0,0,1,0,2,0,1,0,0,0,0,1,0,0,0,0,0,0,0,0,0,1,1,0,1,2,0,1,0,0,0,1,0,0,0,0,1,0,1,0,0,0,0,0,0,0,0,0,0,0,0,1,1,0,0,0,0,2,0,0,0,0,1,0,2,1,1,0,2,1,0,0,1,0,2,0,0,0,0,1,0
Coquimbo/Elqui/La Serena,1,79,1,1,8,10,8,1,14,83,18,27,24,34,20,8,3,5,36,19,2,20,35,44,1,55,28,48,17,20,15,2,6,67,7,88,53,57,2,13,6,62,25,9,4,51,1,35,16,2,13,29,30,43,10,10,61,14,75,41,0,3,4,15,22,3,6,2,19,65,9,12,0,6,3,22,2,7,1,12,11,13,15,2,3,76,1,8,34,39,1,19,9,89,0,28,59,34,58,72,34,0,26,16,4,35,7,21,1,14,8,2
Coquimbo/Elqui/Paihuano,0,3,0,1,1,0,1,0,0,1,2,0,2,2,0,0,0,0,1,0,1,2,0,0,0,1,0,0,1,0,0,0,0,3,0,3,2,2,0,0,1,3,0,0,0,2,0,2,0,0,0,1,0,1,0,0,1,1,0,2,0,0,0,1,2,1,0,0,1,0,1,1,0,0,0,3,0,0,0,1,0,0,0,0,1,3,0,0,1,1,0,0,0,3,0,2,2,1,2,1,1,0,0,0,0,2,0,1,0,0,0,0
Coquimbo/Elqui/Vicuna,1,4,0,0,0,1,1,0,1,5,4,1,2,4,1,2,0,0,5,0,0,2,1,3,1,3,1,7,1,2,1,0,0,8,0,5,4,4,0,1,0,3,1,2,2,3,0,2,4,1,1,1,3,4,1,2,5,1,7,4,0,0,0,0,3,0,0,1,1,8,1,2,0,1,0,2,1,1,0,0,0,2,0,0,0,2,0,0,2,2,0,1,0,7,0,4,4,3,4,5,2,0,1,4,0,2,1,0,0,1,2,0
Coquimbo/Limari/Combarbala,0,5,0,0,0,1,0,0,0,6,0,4,3,3,1,1,0,0,3,0,0,0,1,1,0,3,3,4,1,2,1,0,0,5,0,6,1,5,0,2,1,5,2,1,1,5,0,0,0,1,2,3,2,7,0,1,6,0,4,1,0,0,0,0,3,0,1,0,1,3,1,1,0,0,0,3,1,0,0,1,0,2,2,0,0,5,0,0,2,5,0,1,0,7,0,4,3,5,5,6,3,0,0,2,0,2,2,1,0,1,0,0
Coquimbo/Limari/Monte Patria,0,14,0,0,1,3,1,0,3,13,4,2,10,8,2,2,0,1,9,1,1,6,3,10,0,7,4,9,3,1,2,0,2,11,1,15,7,7,0,2,2,13,1,3,4,10,3,4,1,0,1,5,5,15,2,4,9,5,9,9,0,0,1,3,5,0,1,0,4,11,2,4,0,0,1,6,1,1,1,1,3,2,3,0,1,9,0,1,6,5,1,1,0,13,0,8,12,5,8,14,14,0,5,7,0,10,1,5,2,1,2,2
Coquimbo/Limari/Ovalle,2,21,0,2,4,7,3,0,3,29,12,6,17,23,5,10,2,1,11,6,4,6,11,13,0,22,9,23,3,6,4,0,3,22,3,32,17,22,0,6,4,15,16,3,7,22,1,11,5,4,1,2,15,15,8,6,19,4,28,15,0,0,3,4,3,1,1,0,7,29,7,3,0,0,1,7,3,2,1,4,2,9,4,1,5,26,0,1,21,13,1,4,5,29,1,23,19,11,25,28,24,0,9,15,1,17,2,3,2,4,4,0
Coquimbo/Limari/Punitaqui,0,2,0,0,0,1,0,0,1,3,0,2,1,0,1,1,0,1,2,0,0,0,1,2,0,2,2,2,0,1,1,0,0,2,0,2,2,2,0,1,0,2,2,0,1,2,0,0,1,1,0,1,0,1,0,0,1,0,4,0,0,0,0,0,0,0,0,0,0,2,0,0,0,1,0,0,1,0,0,0,0,1,0,0,1,2,0,0,1,0,0,0,0,3,0,0,3,0,2,3,3,0,2,0,0,2,0,1,1,1,0,0
Coquimbo/Limari/Rio Hurtado,1,4,0,1,0,0,0,0,1,4,1,0,1,1,0,2,1,0,0,2,0,1,0,3,0,1,0,2,0,1,0,0,1,4,1,4,1,2,0,0,1,3,2,2,1,2,0,2,0,0,0,2,3,3,0,2,3,0,1,2,0,0,0,0,0,0,1,0,1,1,0,1,0,0,0,1,1,0,0,0,0,1,1,0,0,4,0,2,1,2,0,1,0,3,0,2,2,0,2,2,4,0,0,0,1,4,1,0,1,0,1,0
La Araucania/Cautin/Carahue,0,5,0,0,0,0,0,0,1,5,0,0,0,2,0,1,1,0,3,0,0,0,1,4,0,1,3,3,1,0,2,1,0,3,0,4,1,3,0,0,0,4,0,1,0,2,0,2,2,0,1,2,1,4,1,1,4,0,3,3,0,0,0,1,1,0,0,1,0,2,0,0,0,0,0,2,0,0,0,0,1,1,2,0,0,4,0,0,0,2,0,1,0,4,0,1,3,2,3,5,3,0,2,2,0,2,0,1,0,0,0,0
La Araucania/Cautin/Cholchol,0,2,0,1,1,1,0,0,1,3,0,0,0,3,0,1,1,0,1,1,0,0,1,2,0,2,0,3,1,1,1,0,0,2,0,3,0,0,0,0,1,1,0,0,1,1,0,1,0,0,0,1,2,2,2,1,2,1,2,0,0,0,0,0,0,0,2,0,1,2,0,0,0,0,0,0,0,0,0,0,1,2,0,0,0,2,0,1,1,1,0,1,0,2,0,2,2,1,0,2,2,0,0,1,0,1,0,0,0,1,1,0
La Araucania/Cautin/Cunco,0,3,0,0,2,1,0,0,0,3,1,1,0,1,0,0,0,0,2,0,0,0,1,3,0,1,0,0,0,1,1,0,0,2,0,3,2,1,0,0,0,2,1,0,0,2,0,2,0,0,0,1,1,3,0,0,2,1,1,1,0,0,0,0,1,0,0,0,1,2,0,1,0,0,0,1,0,0,0,0,0,1,1,0,2,2,0,1,0,1,0,0,1,3,0,0,1,2,2,1,1,0,1,1,0,2,1,0,0,1,1,0
La Araucania/Cautin/Curarrehue,0,0,0,0,0,0,0,0,1,1,0,1,0,2,1,0,1,0,1,0,0,1,1,1,0,1,0,1,0,0,1,0,0,2,0,2,1,1,0,0,0,2,0,0,1,2,0,0,0,0,1,2,0,1,0,0,2,1,1,0,0,0,0,0,0,0,0,0,0,1,0,0,0,0,0,0,0,0,0,0,0,0,1,0,0,2,0,1,1,0,0,0,0,2,0,0,2,2,2,1,0,0,0,0,0,1,0,0,1,0,0,0
La Araucania/Cautin/Freire,0,5,0,0,0,0,0,0,1,5,2,0,3,1,1,1,1,0,2,1,1,1,1,2,1,1,1,2,2,2,1,0,1,3,0,4,1,1,0,0,0,4,1,0,0,2,0,0,1,0,0,3,0,2,0,1,4,2,2,2,0,0,0,0,2,0,1,0,1,1,0,0,0,0,2,0,0,0,0,0,3,2,1,0,0,3,0,2,2,1,0,0,0,3,0,2,3,2,2,2,2,0,3,2,1,1,0,1,1,0,0,0
La Araucania/Cautin/Galvarino,0,0,0,0,0,0,0,0,0,1,0,0,0,1,0,0,1,0,0,0,0,1,0,0,0,1,1,1,0,0,0,0,0,0,0,1,1,0,0,1,1,1,0,0,0,1,0,0,0,0,0,0,1,0,1,0,0,1,0,1,0,0,0,0,0,0,0,0,1,1,0,0,0,0,0,1,0,0,0,0,0,0,0,0,0,0,0,1,0,0,0,0,0,1,0,0,1,0,1,1,0,0,1,0,1,1,0,0,0,0,0,0
La Araucania/Cautin/Gorbea,1,2,0,1,0,0,1,0,2,4,0,2,1,3,0,1,1,0,2,1,0,0,1,1,0,2,1,2,1,2,1,0,0,5,0,6,5,1,0,0,1,4,2,0,0,4,1,1,0,2,0,2,4,4,0,1,5,2,4,2,0,0,0,2,1,0,0,0,2,2,0,1,0,0,1,2,0,0,0,0,1,2,2,0,0,4,0,0,2,1,0,2,0,5,0,5,4,1,4,3,4,0,1,0,1,2,1,2,1,1,1,0
La Araucania/Cautin/Lautaro,0,5,0,0,0,1,0,0,2,7,3,1,4,2,0,2,1,0,3,0,0,0,2,2,0,3,2,7,3,3,0,0,0,4,0,7,3,4,0,1,2,4,1,1,1,2,0,2,2,0,2,1,2,4,1,1,2,0,4,5,0,0,0,1,4,1,0,0,0,4,2,2,0,0,1,1,1,0,0,1,0,1,1,0,0,2,1,0,3,4,0,1,0,5,1,3,6,4,6,4,3,0,2,3,0,1,1,0,1,1,0,0
La Araucania/Cautin/Loncoche,0,4,1,1,0,0,0,0,1,6,2,2,3,1,1,2,0,0,3,2,0,0,2,4,0,4,2,5,2,1,2,1,0,4,0,6,1,4,0,0,1,5,2,0,0,4,0,1,2,1,0,2,2,3,0,0,6,2,3,2,0,0,0,0,1,0,0,0,0,5,0,0,0,0,0,2,0,1,0,0,2,1,2,0,0,6,0,0,4,3,0,0,0,4,0,1,4,1,2,6,4,0,4,3,0,1,0,1,0,0,0,0
La Araucania/Cautin/Melipeuco,0,1,0,0,0,1,0,0,0,1,0,0,1,1,0,1,0,0,0,0,0,0,0,0,0,1,0,0,0,0,0,0,0,1,0,1,1,0,0,0,0,0,0,0,0,0,0,1,0,0,0,0,1,1,0,0,1,0,1,1,0,0,0,0,0,0,0,0,0,0,0,0,0,0,0,0,0,0,0,0,0,0,0,0,0,0,0,0,0,1,0,0,0,1,0,1,1,0,1,1,1,0,1,1,0,0,0,0,0,0,1,0
La Araucania/Cautin/Nueva Imperial,0,6,0,0,1,0,1,0,2,6,3,1,4,4,0,0,0,0,4,2,1,1,1,0,0,4,2,3,2,2,1,0,2,4,1,5,0,2,0,2,2,4,2,1,2,4,0,0,2,0,1,0,1,5,1,0,5,2,2,3,0,0,0,0,0,1,0,0,1,5,1,1,0,0,0,0,0,0,0,1,1,0,1,0,1,3,0,1,4,2,0,0,1,5,0,3,4,1,5,6,7,1,2,2,0,3,0,0,0,0,1,0
La Araucania/Cautin/Padre Las Casas,0,3,0,0,2,4,2,0,2,6,2,5,3,1,1,3,0,0,4,2,1,2,1,2,0,5,2,4,2,1,3,0,0,9,1,6,3,5,0,1,1,4,2,0,0,5,0,4,1,0,2,2,2,2,0,0,3,3,3,4,0,0,2,0,2,0,0,0,2,7,2,1,0,0,0,3,1,1,0,1,2,1,0,0,0,6,0,2,3,1,0,0,1,8,0,6,8,3,8,4,1,0,1,3,0,6,2,1,0,2,0,0
La Araucania/Cautin/Perquenco,0,0,0,0,0,0,0,0,0,1,0,1,0,0,0,1,0,0,1,0,0,0,0,0,0,1,0,0,0,0,0,0,0,0,0,0,0,1,0,0,0,0,0,0,0,0,0,1,0,0,0,0,1,1,0,1,1,1,2,0,0,0,0,0,1,0,0,0,0,0,0,0,0,0,0,0,0,0,0,0,0,0,1,0,0,0,0,0,0,0,0,0,0,1,0,0,0,0,0,0,0,0,0,0,0,0,0,0,0,0,0,0
La Araucania/Cautin/Pitrufquen,1,2,0,2,2,0,0,0,1,5,1,3,3,0,2,1,0,1,0,0,0,2,4,3,0,6,1,3,1,2,2,0,2,4,1,6,3,5,1,0,0,3,1,0,1,4,0,4,2,1,1,2,2,5,0,2,3,3,4,1,0,0,2,2,1,0,0,0,0,4,0,1,0,0,0,2,1,2,0,0,1,2,1,0,1,4,0,1,3,1,1,0,0,7,0,1,4,1,3,5,2,0,3,1,1,2,2,2,0,0,2,0
La Araucania/Cautin/Pucon,0,5,0,0,0,0,0,0,2,5,1,1,4,4,1,1,0,0,1,0,0,1,4,3,0,1,1,2,2,1,2,0,0,1,1,7,3,5,0,0,1,5,0,1,0,4,0,2,1,1,1,2,3,2,0,0,2,0,3,2,0,0,2,0,1,0,1,0,2,4,0,1,0,0,0,4,0,0,0,0,0,1,0,0,0,7,0,2,3,2,1,1,1,4,1,3,5,4,6,4,4,0,1,1,0,4,1,0,2,0,0,0
La Araucania/Cautin/Saavedra,0,2,0,0,0,1,0,0,0,2,0,1,2,1,0,1,1,0,2,0,1,0,1,0,0,1,0,1,0,1,0,0,0,2,0,2,0,2,0,1,0,1,0,1,0,0,0,1,0,0,0,1,0,2,1,1,3,0,3,2,0,0,0,0,1,0,0,0,0,2,0,1,0,0,0,0,0,0,0,0,1,1,0,0,0,1,0,1,2,2,0,1,0,1,0,2,1,2,1,2,1,0,0,1,0,2,0,1,0,0,1,0
La Araucania/Cautin/Temuco,4,85,1,7,6,13,10,3,21,98,21,40,60,41,16,14,7,4,31,16,8,34,45,44,1,55,34,69,26,30,21,2,13,81,5,98,54,62,6,7,12,76,25,14,19,60,3,29,25,14,27,45,43,42,14,5,47,13,86,51,0,2,5,16,29,2,6,6,25,52,18,10,1,10,9,33,8,18,3,16,32,21,17,6,14,82,4,27,42,28,3,16,12,105,7,47,63,35,70,73,53,0,54,15,1,55,6,14,8,13,17,0
La Araucania/Cautin/Teodoro Schmidt,0,4,0,2,0,0,0,0,0,5,1,0,5,1,0,0,0,0,1,3,0,2,1,0,0,2,3,2,2,2,1,0,3,3,0,4,1,2,0,0,0,1,1,0,2,2,0,1,2,0,0,1,0,1,0,0,3,2,2,1,0,0,0,1,0,0,0,0,2,3,0,0,0,0,1,1,0,0,0,2,2,0,0,0,1,3,0,2,4,2,0,0,0,4,0,4,1,1,1,4,2,0,2,0,2,1,0,2,1,0,1,0
La Araucania/Cautin/Tolten,0,4,0,0,0,0,0,0,0,4,1,1,3,0,0,1,0,0,1,2,0,0,0,0,0,5,3,2,1,0,0,0,1,2,0,4,2,0,0,0,0,3,2,0,1,1,0,0,1,0,1,1,3,2,0,1,3,1,3,3,0,0,0,1,1,0,0,1,0,1,0,1,0,0,0,0,0,0,0,0,0,2,1,0,1,1,0,0,4,3,1,1,0,3,0,3,1,3,3,4,4,0,0,1,1,1,0,1,0,1,0,0
La Araucania/Cautin/Vilcun,0,6,0,1,2,0,1,0,1,7,2,2,3,5,0,0,0,0,4,0,0,4,5,2,0,3,3,5,1,2,0,0,0,7,0,7,5,3,0,1,0,7,3,1,1,4,0,2,2,0,1,3,1,6,0,2,5,1,7,4,0,0,0,0,0,0,1,1,1,5,1,1,0,1,0,4,1,0,0,2,0,3,4,0,0,7,0,1,3,4,0,2,0,9,0,3,8,4,5,2,3,0,0,3,0,4,0,2,0,0,0,0
La Araucania/Cautin/Villarrica,0,14,0,4,1,1,2,0,3,13,3,4,12,2,0,1,1,1,3,5,0,4,7,7,0,10,2,7,5,4,5,0,2,15,1,15,6,9,0,4,1,14,2,3,1,9,0,2,3,0,3,6,5,7,2,2,8,1,6,7,0,0,0,0,2,0,0,1,1,7,1,1,0,1,1,5,0,1,2,3,6,0,1,0,3,13,0,4,8,7,0,5,1,13,1,7,9,4,8,12,9,0,3,3,1,9,1,4,0,1,1,0
La Araucania/Malleco/Angol,2,14,0,0,0,1,1,1,2,16,9,4,12,6,0,2,0,0,8,6,3,3,7,4,2,7,6,13,4,6,1,0,1,10,0,17,12,7,0,2,1,9,5,3,3,9,1,3,2,1,3,4,8,10,3,5,7,1,13,6,0,0,1,2,5,0,1,0,2,11,1,2,0,0,2,4,1,2,0,2,3,6,3,1,2,11,0,0,7,8,0,4,2,14,0,11,9,7,14,11,14,0,3,7,1,6,1,5,0,1,5,1
La Araucania/Malleco/Collipulli,1,8,0,1,2,1,2,1,0,11,4,0,5,3,0,3,1,0,2,1,0,3,1,2,1,5,1,7,4,4,2,0,1,3,1,10,2,6,0,0,2,6,5,3,1,2,1,4,3,0,2,4,2,3,1,3,5,2,3,4,0,0,2,2,3,1,1,0,0,4,0,0,0,2,2,6,1,0,0,2,2,4,1,1,3,5,0,1,5,4,0,0,0,8,1,6,5,2,9,3,6,1,0,2,1,4,0,4,1,3,3,1
La Araucania/Malleco/Curacautin,0,3,0,0,1,2,0,0,1,4,3,0,2,1,0,0,0,1,2,0,0,2,0,2,0,3,0,1,1,1,0,0,0,3,0,4,2,1,0,1,0,3,0,2,0,2,0,0,0,0,0,1,2,2,0,1,4,0,2,1,0,0,0,0,1,0,0,0,0,2,0,0,0,0,0,0,0,1,0,0,0,1,1,0,0,1,0,0,2,1,1,0,0,3,0,3,4,2,4,1,5,0,1,0,0,2,1,1,0,2,0,0
La Araucania/Malleco/Ercilla,0,0,0,0,0,0,0,0,0,0,0,0,1,0,0,1,0,0,0,1,0,0,0,0,0,0,1,1,1,0,0,0,0,0,0,0,0,1,0,1,0,1,0,0,0,1,0,0,0,0,0,0,1,0,0,0,1,0,0,0,0,0,0,0,0,1,0,0,1,1,1,0,0,0,1,0,0,0,1,0,0,0,0,0,0,1,0,0,1,0,0,0,0,1,0,0,0,0,1,1,1,0,0,1,1,0,0,0,0,1,1,0
La Araucania/Malleco/Los Sauces,0,1,0,0,0,0,0,0,1,2,0,2,1,1,0,0,0,0,3,1,0,0,1,2,0,3,1,1,1,0,1,0,0,0,0,3,0,0,0,0,0,2,0,0,0,2,1,0,1,0,0,0,1,2,0,1,3,0,2,1,0,0,1,1,1,0,2,0,0,1,1,0,0,0,0,2,1,0,0,0,0,0,1,0,1,3,0,0,2,0,0,2,0,3,0,1,2,1,2,1,2,0,0,1,0,1,0,1,0,0,0,0
La Araucania/Malleco/Lumaco,0,3,0,0,0,0,0,0,1,4,0,0,2,2,0,1,0,0,2,1,0,0,0,0,0,1,1,4,1,1,2,0,0,3,0,3,1,1,0,0,0,3,1,1,1,3,0,1,1,0,0,2,2,3,0,1,3,1,4,1,1,0,0,0,3,0,0,0,0,2,2,3,0,0,0,2,0,0,1,1,1,1,0,0,0,3,0,0,2,1,0,0,1,2,0,3,2,1,4,2,4,0,1,1,0,1,1,0,0,0,2,1
La Araucania/Malleco/Puren,0,1,0,0,0,0,0,0,0,1,0,0,1,0,0,1,1,0,0,0,0,0,0,0,0,0,1,1,0,0,0,0,0,0,0,1,1,0,0,0,1,0,0,0,0,0,0,0,0,0,0,0,0,0,0,0,1,0,0,0,0,0,0,0,0,0,1,0,1,1,0,0,0,0,0,0,0,0,0,1,0,0,0,0,0,0,0,0,0,0,0,0,0,1,0,1,0,0,0,0,0,0,0,1,0,1,0,1,0,0,0,0
La Araucania/Malleco/Traiguen,0,3,0,0,0,0,1,0,1,3,0,0,4,0,0,0,0,0,0,0,1,2,3,1,0,3,1,3,0,0,2,0,0,2,1,4,2,3,0,0,0,1,2,1,1,3,0,1,1,0,0,0,1,2,0,1,3,0,2,4,0,0,2,1,0,0,0,0,0,2,0,0,0,0,0,2,0,0,0,1,0,1,1,0,0,3,0,1,2,2,1,0,0,4,0,2,1,2,2,4,3,0,3,1,0,2,1,0,0,0,0,0
La Araucania/Malleco/Victoria,0,3,2,1,0,2,0,0,0,3,2,0,1,1,0,0,1,0,1,1,1,0,0,2,0,1,2,3,1,2,0,0,0,2,0,4,2,3,0,1,0,1,0,1,1,2,0,3,1,0,1,2,3,2,0,1,3,2,2,4,0,0,0,2,1,0,1,0,1,4,0,0,0,0,0,2,0,0,0,1,1,0,0,0,2,1,0,0,1,2,1,0,0,3,0,4,1,3,4,3,4,0,2,1,0,3,0,1,0,1,2,0
Libertador General Bernardo O'Higgins/Cachapoal/Codegua,0,2,0,0,0,0,0,0,1,2,1,0,1,2,0,0,0,0,0,2,0,3,0,1,0,1,0,2,1,0,1,0,0,2,0,3,1,1,0,1,0,0,1,1,0,1,0,0,0,0,0,2,2,0,0,0,0,0,2,1,0,0,0,0,0,1,0,0,0,1,2,0,0,1,2,2,0,0,0,0,0,0,1,0,1,2,0,0,0,1,0,0,0,3,0,2,3,2,2,1,3,0,1,0,0,1,2,2,0,0,0,0
Libertador General Bernardo O'Higgins/Cachapoal/Coltauco,0,2,0,0,0,0,1,0,0,4,3,1,2,2,0,1,0,0,4,0,1,0,1,1,0,2,1,3,0,1,0,0,0,3,0,3,3,3,0,0,0,1,2,1,0,2,0,1,0,0,0,0,1,3,2,0,1,0,3,2,0,0,0,1,0,0,0,0,2,4,0,0,0,0,0,1,0,0,0,1,0,0,2,0,0,3,0,0,1,2,0,1,1,3,0,2,3,2,2,3,2,0,0,1,0,2,1,0,0,0,0,0
Libertador General Bernardo O'Higgins/Cachapoal/Coinco,0,2,0,0,0,1,0,0,0,2,0,0,1,1,0,1,0,0,1,0,0,0,0,1,0,0,1,0,1,1,0,0,0,2,0,1,2,1,0,0,0,1,0,0,0,2,1,1,1,0,1,0,2,2,0,0,2,0,0,2,0,0,1,1,1,0,0,0,0,2,0,0,0,0,0,0,0,0,0,0,0,0,0,0,0,2,0,0,1,0,1,0,0,2,0,2,1,0,1,2,1,0,0,1,0,0,1,0,0,0,0,0
Libertador General Bernardo O'Higgins/Cachapoal/Donihue,0,8,0,2,0,1,1,0,2,9,2,2,7,6,2,2,0,1,8,1,1,1,0,5,0,2,4,10,2,2,1,0,0,7,0,8,6,5,0,0,1,6,4,2,4,5,0,1,0,0,1,2,2,5,1,2,7,0,11,6,0,0,0,0,2,1,0,2,3,6,1,3,0,0,1,5,1,0,0,3,1,3,2,1,1,8,0,0,3,5,1,2,0,8,0,10,4,3,5,9,4,0,3,6,0,4,0,2,0,4,1,0
Libertador General Bernardo O'Higgins/Cachapoal/Graneros,0,9,0,0,1,1,0,0,1,9,2,3,3,6,3,2,0,1,2,2,1,0,0,2,1,5,2,6,2,3,0,0,0,5,1,7,4,7,0,0,0,5,3,2,0,5,0,5,2,0,3,3,2,6,2,1,5,0,6,4,0,0,2,0,2,0,0,0,2,5,1,3,0,0,0,1,0,1,0,0,0,0,2,1,0,6,0,1,5,1,0,1,0,7,1,4,4,3,5,7,2,0,4,1,0,5,2,1,0,0,2,0
Libertador General Bernardo O'Higgins/Cachapoal/Las Cabras,0,4,0,0,1,2,0,0,0,4,2,1,1,1,0,2,0,0,1,1,1,0,0,0,0,4,3,3,1,1,1,0,0,3,0,4,1,1,0,1,1,3,1,1,1,4,0,1,1,1,0,1,1,3,0,0,1,1,2,2,0,0,0,1,0,1,1,1,1,4,1,0,0,0,1,1,0,0,0,1,1,0,0,0,0,1,0,0,2,3,0,1,0,4,0,2,2,1,2,2,2,0,2,1,0,2,0,0,0,1,0,0
Libertador General Bernardo O'Higgins/Cachapoal/Machali,1,21,1,1,8,2,1,0,6,20,3,10,9,9,3,4,1,2,6,8,1,5,8,9,1,15,9,16,6,5,2,0,0,15,2,22,9,11,0,2,1,18,6,1,2,17,1,6,1,0,9,11,14,17,6,1,17,3,20,9,0,1,2,2,4,0,1,0,5,17,0,0,0,2,0,7,2,0,0,2,5,2,5,0,2,23,0,2,10,9,0,4,2,24,1,9,9,8,16,16,11,0,9,10,1,8,2,5,4,3,2,1
Libertador General Bernardo O'Higgins/Cachapoal/Malloa,0,4,0,0,0,0,0,0,0,4,0,1,2,1,0,0,0,0,0,0,0,0,1,0,0,3,2,3,1,0,2,0,0,3,0,4,4,3,0,1,0,4,0,0,0,2,0,2,2,1,0,2,1,0,0,0,1,2,5,2,0,0,1,0,0,1,0,0,1,2,1,0,0,0,1,0,0,1,0,0,0,2,0,0,0,2,1,0,2,1,0,2,0,4,0,0,4,2,3,3,0,0,3,0,0,1,0,0,0,0,0,0
Libertador General Bernardo O'Higgins/Cachapoal/Mostazal,0,3,1,1,0,1,1,0,0,4,2,0,1,3,2,1,0,1,4,0,0,1,1,2,0,5,3,3,1,0,1,0,0,6,1,6,1,1,0,0,0,5,2,0,0,5,0,4,1,1,0,2,3,3,0,0,0,1,3,1,0,1,2,2,0,1,0,1,2,4,0,0,0,0,1,0,0,0,0,3,0,3,1,0,1,3,0,0,2,4,2,3,0,4,0,3,5,2,6,3,4,0,1,2,0,3,1,1,0,1,1,0
Libertador General Bernardo O'Higgins/Cachapoal/Olivar,0,3,0,0,0,0,1,0,1,3,0,1,0,2,1,1,0,0,2,0,0,0,1,2,0,3,1,2,1,1,1,0,0,3,0,3,1,3,0,1,0,1,2,0,1,3,0,1,1,0,0,1,0,2,0,0,1,1,3,1,0,0,1,0,1,0,0,0,0,3,1,1,0,0,0,0,0,0,0,1,0,2,0,0,0,2,0,1,1,1,0,0,0,2,0,2,3,0,2,2,1,0,0,1,0,2,0,2,0,0,1,0
Libertador General Bernardo O'Higgins/Cachapoal/Peumo,0,2,0,0,0,1,0,0,0,3,0,3,0,2,0,1,0,0,1,2,0,0,0,1,0,1,1,2,1,0,0,0,1,1,0,2,1,1,0,0,0,2,1,0,2,1,0,0,0,1,0,1,0,2,0,1,3,0,3,2,0,0,0,0,0,0,0,0,1,2,1,0,0,0,0,1,0,0,0,0,0,0,1,0,0,1,0,1,1,1,0,0,0,2,0,2,2,1,2,3,1,0,1,1,0,0,0,0,0,1,2,0
Libertador General Bernardo O'Higgins/Cachapoal/Pichidegua,0,2,0,0,0,1,0,0,1,2,0,1,3,1,0,0,0,0,3,0,0,1,2,0,0,2,0,2,1,0,0,0,0,1,1,1,1,3,0,0,0,4,0,0,0,1,0,0,0,0,0,0,0,2,0,2,3,0,3,2,0,0,0,1,3,0,1,1,0,1,1,1,0,0,0,0,0,0,0,1,0,0,1,0,1,3,0,0,2,0,0,0,0,2,1,2,1,1,1,3,2,0,2,0,0,1,0,1,0,0,1,0
Libertador General Bernardo O'Higgins/Cachapoal/Quinta de Tilcoco,0,5,0,0,0,1,1,0,0,5,2,3,1,5,2,3,0,0,2,1,1,1,1,0,1,3,3,3,1,2,0,0,0,5,0,5,3,3,0,0,1,2,1,0,3,0,0,0,0,0,0,0,2,4,1,1,3,0,1,4,0,0,0,0,2,0,0,0,1,4,1,0,0,0,1,1,0,0,0,1,0,1,2,0,0,4,0,0,4,1,0,2,0,4,1,3,5,3,6,3,3,0,1,3,0,3,0,1,0,0,0,2
Libertador General Bernardo O'Higgins/Cachapoal/Rancagua,11,70,0,3,8,14,10,5,18,73,21,28,32,30,17,15,5,4,32,16,4,20,25,34,3,53,31,62,19,29,13,0,6,54,5,78,40,52,1,17,12,42,16,10,10,51,6,27,15,10,10,27,33,29,10,10,44,6,65,33,1,2,5,14,21,4,7,6,16,62,21,8,0,8,1,21,5,6,1,17,8,15,17,3,2,61,2,9,37,37,0,13,5,76,2,38,46,28,60,68,38,0,29,26,0,33,10,11,2,17,13,1
Libertador General Bernardo O'Higgins/Cachapoal/Rengo,0,10,1,1,0,0,0,0,1,10,5,2,4,3,3,4,1,0,5,0,2,4,6,1,1,3,3,10,1,4,1,0,0,7,1,10,1,3,0,1,0,5,2,2,1,4,1,3,0,0,2,2,5,6,4,1,6,0,8,5,0,0,2,1,4,1,0,0,1,9,3,0,0,0,0,6,0,0,0,1,1,2,0,1,0,8,0,0,3,5,0,1,0,9,0,6,4,3,7,6,6,0,1,1,0,6,2,2,0,1,3,1
Libertador General Bernardo O'Higgins/Cachapoal/Requinoa,0,5,0,0,1,0,0,0,1,7,0,2,3,3,2,1,0,0,5,2,0,2,2,2,1,4,1,3,3,1,2,0,0,4,0,7,3,4,0,1,1,3,2,1,1,3,0,3,2,0,3,1,2,2,1,0,3,1,5,4,0,0,1,1,2,1,0,0,2,3,0,0,0,0,1,4,0,0,0,1,2,1,0,1,1,4,0,1,4,2,0,1,0,6,0,0,5,2,5,4,3,0,1,1,0,3,1,0,2,0,1,0
Libertador General Bernardo O'Higgins/Cachapoal/San Vicente de Tagua Tagua,0,4,0,1,0,0,2,0,3,6,4,0,5,4,1,1,0,0,3,0,0,2,2,2,0,6,3,8,1,1,1,0,1,3,1,7,1,2,0,1,2,3,2,0,1,5,1,1,2,0,0,2,3,5,2,1,6,0,6,3,0,0,2,1,1,1,0,1,2,7,0,0,0,0,0,1,0,1,0,1,0,4,0,0,1,6,0,1,2,3,0,1,1,6,0,4,6,4,7,5,6,0,3,3,0,4,0,2,0,0,3,0
Libertador General Bernardo O'Higgins/Cardenal Caro/La Estrella,0,1,0,0,0,0,1,0,0,1,0,0,0,1,0,0,0,0,0,0,0,0,0,0,0,0,1,0,0,0,0,0,0,0,0,1,1,1,0,1,0,0,0,0,0,0,0,0,0,0,0,1,0,1,0,0,0,0,1,0,0,0,0,0,0,0,0,0,0,1,0,0,0,0,0,0,0,0,0,1,0,0,0,0,1,1,0,0,1,0,0,0,1,1,0,1,1,1,1,0,1,0,0,1,0,0,0,0,0,0,0,0
Libertador General Bernardo O'Higgins/Cardenal Caro/Litueche,0,2,0,0,0,0,1,0,0,2,0,0,1,1,1,0,0,0,0,0,1,0,1,1,0,1,2,3,0,0,0,0,0,0,0,2,0,0,0,1,0,3,2,1,0,2,0,0,2,0,0,3,1,3,0,1,0,0,0,2,0,0,0,1,1,0,0,1,1,2,2,0,0,0,0,0,0,0,0,0,0,0,1,0,0,3,0,0,2,0,0,0,0,1,0,0,2,2,2,2,2,0,0,0,0,3,0,1,0,0,0,0
Libertador General Bernardo O'Higgins/Cardenal Caro/Marchihue,0,3,0,0,0,0,0,0,0,3,0,2,2,1,0,0,1,0,1,2,0,1,0,0,0,1,1,3,0,1,0,0,0,3,0,4,1,2,0,0,1,2,0,0,0,2,0,1,0,0,0,1,0,3,0,0,1,1,3,1,0,0,1,0,0,0,1,0,3,3,1,2,0,0,0,0,1,0,0,2,0,1,0,0,0,3,0,0,1,0,0,1,0,3,1,1,2,2,1,2,1,0,1,0,0,2,0,1,0,0,0,0
Libertador General Bernardo O'Higgins/Cardenal Caro/Navidad,0,2,0,0,0,0,1,0,2,2,1,0,1,1,1,0,0,0,0,0,0,0,1,0,1,0,1,1,0,0,0,0,0,2,0,1,1,2,0,0,0,0,1,0,0,2,0,0,1,0,0,0,2,2,0,0,1,0,1,1,0,0,0,0,0,0,0,0,2,1,1,0,0,0,0,1,0,0,1,0,1,0,0,0,0,2,0,0,0,0,0,1,0,2,0,2,0,0,2,1,2,0,2,0,0,1,0,1,0,0,0,0
Libertador General Bernardo O'Higgins/Cardenal Caro/Paredones,0,5,0,1,1,1,1,0,0,6,1,2,4,2,0,1,0,0,2,2,1,0,1,2,0,3,1,3,2,1,0,0,0,5,0,4,3,4,0,0,1,3,3,0,0,3,0,2,1,0,0,2,2,4,0,4,3,0,3,3,0,0,0,2,1,0,0,0,2,5,0,1,0,0,0,0,0,1,0,1,0,1,2,0,1,5,0,0,4,1,0,1,1,6,0,5,1,2,3,4,5,0,1,1,0,6,0,1,1,1,1,0
Libertador General Bernardo O'Higgins/Cardenal Caro/Pichilemu,0,12,0,0,2,2,1,0,2,11,2,5,6,2,2,3,2,1,5,0,0,3,5,4,0,7,3,8,2,1,2,0,1,13,1,13,9,7,0,2,1,5,5,1,0,9,1,6,0,2,1,4,9,7,0,1,4,0,8,2,0,1,2,4,4,2,0,0,1,9,4,2,1,0,1,6,0,1,0,1,0,5,1,0,0,10,0,0,5,7,0,4,0,13,1,6,7,3,11,8,6,1,6,5,1,3,0,3,0,1,3,0
Libertador General Bernardo O'Higgins/Colchagua/Chimbarongo,0,4,0,0,0,3,0,0,0,8,1,1,0,4,0,2,0,0,4,4,0,0,0,1,0,1,0,4,3,0,0,1,0,3,0,4,4,3,0,2,1,2,6,0,2,5,1,3,3,2,0,1,3,5,1,3,4,0,7,3,0,0,0,2,1,0,0,0,2,5,0,2,0,0,1,1,0,0,0,1,0,3,0,0,1,4,0,0,3,5,0,0,0,2,0,4,4,2,7,3,7,0,2,4,1,3,1,1,0,0,0,1
Libertador General Bernardo O'Higgins/Colchagua/Chepica,0,2,0,0,0,1,0,0,0,2,0,0,1,0,0,1,0,0,0,1,0,1,0,0,0,0,2,2,0,0,0,0,0,2,0,2,1,2,0,1,0,1,0,0,0,1,0,0,0,1,0,0,0,1,0,1,2,0,3,2,0,0,1,0,0,0,0,0,1,2,1,0,0,0,0,0,0,0,0,0,1,2,1,0,1,2,0,0,1,2,0,0,0,3,0,2,0,1,2,1,2,0,2,1,0,1,0,0,1,0,1,0
Libertador General Bernardo O'Higgins/Colchagua/Lolol,0,3,0,0,0,1,0,0,0,3,0,0,1,2,0,0,0,0,1,2,0,2,1,1,0,2,1,2,1,1,0,0,0,2,0,3,1,1,0,0,0,2,0,0,0,2,0,1,0,0,0,1,0,3,0,2,2,0,5,1,0,0,0,0,0,0,0,1,2,3,0,0,0,0,1,1,0,0,0,1,0,1,2,0,1,1,0,0,0,2,0,0,0,2,0,1,1,2,2,3,2,0,1,1,0,1,0,0,0,1,1,0
Libertador General Bernardo O'Higgins/Colchagua/Nancagua,0,6,0,0,0,2,1,0,0,6,3,1,2,3,3,1,0,0,3,0,0,0,1,1,0,2,2,2,0,0,0,0,0,4,0,4,2,3,0,0,2,4,1,0,0,4,1,2,1,0,0,1,2,3,0,2,4,1,3,2,1,0,0,0,2,0,0,0,0,6,0,0,0,0,0,2,1,0,0,0,0,2,2,0,0,4,0,0,3,4,0,0,0,3,0,4,1,1,4,3,2,0,2,3,0,1,1,0,0,0,1,0
Libertador General Bernardo O'Higgins/Colchagua/Palmilla,1,2,0,0,0,0,0,0,0,3,1,0,1,2,0,2,0,0,1,0,0,1,0,1,0,1,0,2,1,0,0,0,0,2,0,0,2,3,0,0,0,0,0,1,0,1,0,2,0,0,0,0,1,2,0,2,2,0,3,1,0,0,0,0,0,0,0,0,0,2,0,0,0,0,0,0,0,0,0,0,0,0,0,0,0,1,0,0,0,3,0,0,0,2,0,1,1,1,2,3,0,0,2,1,0,0,0,0,0,0,1,1
Libertador General Bernardo O'Higgins/Colchagua/Peralillo,0,4,0,0,0,0,1,0,1,4,1,0,2,3,0,0,0,0,2,1,0,2,0,0,0,3,1,2,1,0,1,0,0,4,2,4,0,2,1,1,1,2,2,0,3,2,0,1,0,1,0,0,3,2,1,0,1,1,2,2,0,0,0,1,2,0,0,0,2,3,0,1,0,0,0,0,1,0,0,1,0,0,1,0,1,2,0,0,3,0,0,0,0,3,0,2,3,2,2,3,3,0,4,1,0,2,0,0,0,0,0,1
Libertador General Bernardo O'Higgins/Colchagua/Placilla,0,7,0,0,0,1,0,0,0,8,3,2,4,1,1,2,0,0,3,1,2,4,2,3,0,3,4,5,1,1,0,0,1,5,1,6,2,3,0,2,1,0,2,0,0,2,0,0,1,0,0,1,1,3,2,2,3,0,7,3,0,0,2,0,2,2,0,1,2,7,1,4,0,0,0,2,0,1,0,1,0,0,3,0,1,5,0,0,3,4,1,0,0,5,1,5,3,2,6,5,10,0,1,2,0,4,0,2,0,1,0,0
Libertador General Bernardo O'Higgins/Colchagua/Pumanque,0,2,0,0,1,0,0,0,0,1,1,0,2,1,0,0,0,0,2,0,0,0,0,0,0,0,0,0,1,0,0,0,1,1,0,2,2,1,0,0,0,1,0,1,0,2,0,2,1,1,0,0,1,0,0,1,0,0,3,1,0,0,0,0,0,0,0,0,2,2,0,1,0,0,0,0,0,0,0,0,0,0,0,0,1,1,0,0,1,2,0,1,0,1,0,1,0,1,1,1,1,0,0,0,0,2,0,0,0,0,1,0
Libertador General Bernardo O'Higgins/Colchagua/San Fernando,0,21,0,2,1,2,1,0,1,21,8,5,11,8,2,6,1,0,13,3,1,1,4,9,1,9,7,16,5,1,2,0,0,16,1,22,12,16,1,4,2,15,4,2,1,14,1,11,2,0,6,1,11,18,4,8,13,3,19,8,0,1,2,0,3,0,3,1,8,19,7,5,0,0,0,9,1,0,0,2,6,11,4,0,2,17,0,0,8,14,3,1,1,20,2,10,17,6,20,18,13,0,6,6,2,13,1,5,0,3,5,0
Libertador General Bernardo O'Higgins/Colchagua/Santa Cruz,0,7,0,1,1,5,1,0,2,9,4,0,4,6,1,5,3,0,6,3,0,4,4,3,2,2,3,6,2,3,0,0,1,4,0,10,4,9,0,2,2,6,4,3,2,6,0,3,0,1,2,4,2,8,1,4,6,1,10,4,0,1,0,3,1,1,0,1,3,11,1,2,0,0,0,0,0,0,0,3,0,0,1,0,1,7,0,0,3,7,1,1,2,10,0,4,4,6,4,8,7,0,0,4,1,6,1,2,0,2,3,0
Los Lagos/Chiloe/Ancud,0,6,0,0,1,0,1,0,2,5,0,2,3,2,1,0,0,0,1,1,0,2,2,2,0,5,1,4,0,2,0,0,0,4,0,5,2,3,0,3,0,4,0,1,1,2,0,3,1,0,3,4,2,2,1,0,3,0,3,4,0,0,0,1,0,0,0,0,1,4,0,1,0,2,0,1,0,2,0,1,2,1,0,0,0,5,0,0,2,1,0,1,1,6,0,3,3,3,4,3,3,0,4,0,0,3,1,3,0,0,1,0
Los Lagos/Chiloe/Castro,0,15,0,2,2,3,2,0,4,13,1,6,7,7,2,3,0,0,2,5,0,4,6,9,0,13,6,7,5,5,1,0,0,16,1,18,6,6,1,2,1,11,2,2,1,10,0,5,2,2,2,6,7,9,0,4,8,3,9,9,0,1,1,3,4,0,0,0,2,11,2,1,0,1,0,4,0,1,0,0,2,2,7,1,1,11,1,2,7,6,0,3,1,15,0,6,14,6,12,13,4,0,5,2,0,4,3,3,1,0,1,0
Los Lagos/Chiloe/Chonchi,0,3,0,0,0,0,1,0,2,1,0,1,0,2,0,0,0,0,0,1,0,1,1,1,0,1,0,2,1,0,0,0,1,2,0,3,2,0,0,0,0,2,1,0,0,1,1,3,0,1,1,1,3,1,0,1,1,0,2,0,0,0,0,0,0,0,0,0,0,2,0,0,0,0,1,0,0,0,0,0,1,1,0,0,0,3,0,0,0,0,0,0,0,2,0,1,2,2,3,2,1,0,2,0,0,2,0,0,0,0,0,0
Los Lagos/Chiloe/Curaco de Velez,0,2,0,2,0,0,0,0,0,2,1,0,2,0,0,0,0,0,0,0,0,1,2,1,1,1,0,2,0,0,0,0,0,1,1,2,2,0,0,1,0,1,0,0,0,2,0,2,0,0,0,2,0,2,2,1,2,0,3,2,0,0,0,0,0,0,0,0,0,1,0,0,0,0,0,0,0,1,0,0,0,0,0,0,0,1,0,0,0,0,0,0,0,2,0,1,1,0,2,0,3,0,0,1,0,0,0,0,0,0,0,0
Los Lagos/Chiloe/Puqueldon,0,1,0,0,0,0,0,0,0,1,0,0,0,0,0,0,0,0,1,0,0,1,0,0,0,0,0,1,0,0,0,0,0,0,0,1,0,1,0,0,0,0,0,0,0,0,0,0,0,0,0,0,0,1,0,1,0,1,0,1,0,0,0,0,0,0,0,0,0,1,0,0,0,0,0,0,0,0,0,0,0,1,1,0,0,0,0,0,0,0,0,0,1,1,0,1,1,1,1,1,0,0,0,0,0,0,0,0,0,0,0,0
Los Lagos/Chiloe/Quellon,0,6,0,1,1,3,1,0,0,9,4,4,4,3,1,1,0,0,4,3,1,2,3,5,0,2,1,5,0,1,2,0,2,11,0,10,4,6,2,0,2,6,3,1,1,4,0,4,1,0,1,4,1,7,2,1,3,2,8,7,0,1,0,3,1,2,0,0,1,5,0,0,0,0,0,2,0,1,0,1,2,2,1,1,0,9,0,2,1,2,0,3,1,11,0,4,7,2,7,9,3,0,0,1,0,3,0,1,1,2,1,0
Los Lagos/Chiloe/Quinchao,0,2,0,0,1,0,1,0,0,1,0,0,1,1,0,0,0,0,1,1,0,0,0,0,0,1,1,1,0,0,1,0,0,2,0,2,1,2,0,1,1,2,1,0,1,0,0,1,0,0,0,1,0,2,0,1,1,0,1,0,0,0,0,1,1,0,0,0,0,0,0,0,0,0,0,0,0,0,0,0,1,0,1,0,0,2,0,0,0,1,0,0,0,2,0,0,1,0,1,0,1,0,0,0,0,2,0,1,0,0,1,0
Los Lagos/Llanquihue/Calbuco,0,5,0,0,2,1,0,0,2,6,1,3,4,2,2,1,0,0,2,1,0,1,1,3,0,2,2,5,0,2,1,0,0,5,0,7,5,3,0,0,1,4,4,1,1,5,0,2,0,0,1,2,4,5,1,1,5,0,5,4,0,0,0,1,1,0,0,0,3,4,0,0,0,0,0,2,1,1,0,1,2,2,2,0,0,5,0,1,1,1,0,1,1,7,0,3,4,2,5,2,4,0,2,2,0,6,0,2,0,1,1,0
Los Lagos/Llanquihue/Cochamo,0,1,0,1,0,0,0,0,0,1,0,1,0,0,0,0,0,0,0,0,0,0,1,1,0,0,1,1,0,1,0,0,0,1,0,1,1,0,0,0,0,1,0,0,0,0,0,0,0,0,1,1,1,0,0,0,0,0,0,1,0,0,0,0,0,0,0,0,0,1,0,0,0,0,0,0,0,0,0,0,1,0,0,0,0,0,0,0,1,0,0,0,0,1,0,1,1,1,0,1,0,0,1,0,0,0,0,0,0,0,0,0
Los Lagos/Llanquihue/Fresia,0,2,0,0,0,3,0,0,0,4,1,1,1,0,0,0,0,0,3,0,0,0,1,1,0,2,2,2,1,2,0,0,0,4,0,3,1,1,0,0,0,3,1,0,0,2,1,3,1,1,0,1,2,5,1,2,4,1,3,2,0,1,0,2,2,0,0,0,1,4,0,0,0,0,1,1,0,0,0,0,1,0,0,0,0,1,0,1,1,1,0,1,0,2,0,0,4,2,0,3,1,0,1,1,2,3,0,0,0,0,0,0
Los Lagos/Llanquihue/Frutillar,1,13,0,0,2,4,1,0,1,12,4,3,6,6,1,3,0,0,6,0,1,2,5,5,0,7,3,8,2,2,3,0,1,8,1,7,2,7,0,3,3,7,2,2,1,5,1,1,2,0,0,6,7,6,4,0,9,0,11,5,0,0,0,3,3,1,1,1,3,7,2,2,0,0,1,3,1,0,2,0,1,2,5,1,2,11,1,1,7,3,1,1,0,12,0,9,9,4,10,10,6,0,1,2,0,4,2,1,1,3,4,1
Los Lagos/Llanquihue/Llanquihue,1,7,0,1,0,1,1,0,0,4,4,1,3,2,0,2,0,0,1,2,0,3,3,0,1,2,2,5,2,2,1,0,1,5,0,5,2,2,0,0,2,4,0,0,0,3,1,3,2,0,2,2,5,1,0,0,4,1,4,4,0,0,0,0,1,0,0,0,1,3,1,0,0,0,0,1,1,0,1,0,3,0,1,0,1,2,0,1,3,3,1,2,1,4,0,3,1,2,4,5,5,1,1,2,0,2,0,1,1,0,1,0
Los Lagos/Llanquihue/Los Muermos,0,3,0,0,1,0,0,0,1,3,1,0,2,1,0,1,0,0,1,0,1,2,0,0,0,3,1,1,0,0,0,0,1,2,0,2,1,1,1,0,1,2,1,0,1,2,1,1,1,0,0,1,1,0,0,0,1,0,3,1,0,0,0,0,1,0,0,0,1,2,0,0,0,0,0,1,0,0,0,0,0,1,1,0,1,1,0,1,2,0,1,0,0,1,0,1,1,0,2,3,3,0,1,0,0,0,0,0,0,0,0,0
Los Lagos/Llanquihue/Maullin,0,5,0,0,0,3,1,0,1,4,1,0,3,3,1,0,0,0,1,3,1,1,1,0,0,4,1,3,0,2,1,0,1,6,0,7,2,1,0,0,0,4,0,0,3,4,1,1,2,0,2,2,4,3,0,0,4,2,4,3,0,1,0,1,1,0,1,0,1,5,0,0,0,0,1,2,1,0,1,1,0,0,0,1,1,4,0,3,3,2,0,1,0,3,0,4,5,1,3,5,4,0,3,1,1,2,1,1,1,1,0,0
Los Lagos/Llanquihue/Puerto Montt,4,73,0,4,16,11,6,1,16,71,21,26,34,25,9,9,4,5,26,15,1,23,31,31,0,51,29,51,19,20,7,1,8,68,3,77,43,52,2,9,6,60,12,10,4,45,7,17,13,3,18,46,39,32,11,4,47,5,68,38,1,1,8,12,16,2,2,3,15,45,15,6,0,7,3,23,4,9,6,7,14,11,23,2,2,68,2,8,44,23,6,15,6,77,2,37,53,42,58,59,51,0,30,17,3,51,2,19,6,16,16,1
Los Lagos/Llanquihue/Puerto Varas,1,19,0,0,3,1,1,2,3,15,11,4,12,4,1,2,1,3,3,1,1,12,15,6,0,11,15,21,7,6,1,0,12,12,1,16,8,10,0,5,6,17,4,3,1,17,5,3,13,1,6,11,13,7,4,0,7,3,18,14,0,0,3,1,3,0,1,0,5,10,3,2,1,0,2,5,5,5,6,1,1,2,0,1,5,17,0,3,15,2,2,3,0,17,1,8,13,10,14,19,11,0,11,2,2,9,3,1,6,1,4,0
Los Lagos/Osorno/Osorno,0,32,0,1,16,5,3,0,10,41,41,14,18,16,4,3,3,2,12,8,1,34,13,24,1,30,38,56,12,25,7,0,30,36,4,57,29,25,1,5,26,30,7,0,2,50,29,21,33,4,9,14,51,24,7,5,23,4,41,45,0,0,5,15,8,0,1,2,11,40,8,6,0,5,2,13,25,2,26,8,3,10,13,1,30,38,0,3,45,22,0,15,5,51,0,21,27,20,43,61,49,0,9,12,1,27,6,13,27,6,8,0
Los Lagos/Osorno/Puerto Octay,0,0,0,0,0,0,0,0,0,0,0,0,0,0,0,0,0,0,0,0,0,0,0,0,0,0,0,1,0,1,0,0,0,0,0,1,0,0,0,0,0,0,0,0,0,0,0,0,0,0,0,1,1,1,0,0,0,0,0,0,0,0,0,0,0,0,0,0,0,0,0,0,0,0,0,0,0,0,0,0,0,0,0,0,0,1,0,0,0,0,0,0,0,0,0,0,1,0,2,0,0,0,0,0,0,0,0,0,0,0,0,0
Los Lagos/Osorno/Purranque,0,5,0,0,1,1,1,1,3,5,7,5,2,2,0,0,0,0,3,1,0,9,2,2,0,4,8,12,2,2,0,0,9,3,0,6,2,4,0,2,10,5,2,0,0,11,8,1,9,0,0,2,11,5,0,4,3,0,2,11,0,0,0,2,1,0,1,0,0,3,0,0,0,0,0,0,9,0,8,1,0,1,1,0,9,3,1,1,13,3,0,0,0,3,0,3,1,2,4,14,11,0,0,1,0,4,1,0,9,0,1,0
Los Lagos/Osorno/Puyehue,0,10,0,0,2,0,1,0,1,9,1,4,4,8,0,1,0,0,4,0,1,4,1,4,0,1,3,8,1,3,3,0,1,8,0,8,3,5,0,0,1,8,3,1,1,5,1,3,1,1,0,2,4,7,1,1,6,2,6,6,0,0,1,2,3,1,1,1,1,6,2,5,0,0,0,3,1,0,1,0,0,5,3,0,1,9,0,0,2,3,0,0,0,8,0,4,5,2,5,6,6,0,2,2,1,8,0,0,1,2,2,0
Los Lagos/Osorno/Rio Negro,0,2,0,0,0,0,0,0,1,3,4,1,0,3,0,2,0,0,0,0,0,4,0,1,1,3,4,7,2,4,2,0,5,1,1,4,3,3,0,0,5,4,1,0,1,4,4,1,6,1,0,0,5,4,0,2,4,1,3,7,0,0,1,2,0,0,0,0,0,3,0,0,0,0,1,2,4,0,4,1,1,1,3,0,4,4,0,0,4,3,0,0,0,4,0,2,2,1,4,7,7,0,2,2,1,2,0,0,4,0,0,0
Los Lagos/Osorno/San Juan de la Costa,0,3,0,1,0,0,0,0,2,2,2,0,0,3,0,0,1,0,2,0,0,1,1,5,0,2,0,2,1,4,3,0,0,3,0,8,3,1,0,2,1,3,1,0,1,4,1,5,0,0,0,2,2,3,1,0,2,2,2,1,0,0,0,2,2,0,0,0,3,1,1,3,0,0,0,1,1,0,0,1,2,3,2,0,2,5,0,2,2,1,0,1,2,7,0,4,3,2,4,2,3,0,0,0,1,3,0,1,0,1,3,0
Los Lagos/Osorno/San Pablo,0,4,0,0,0,0,0,0,1,4,0,2,1,4,0,0,0,0,1,0,0,0,1,1,0,0,1,3,0,3,3,0,1,2,1,4,1,3,1,0,1,2,0,0,0,2,1,0,0,0,0,1,0,4,0,1,3,3,4,2,0,0,0,1,0,0,0,1,0,3,0,1,0,0,0,1,1,1,0,1,1,2,3,0,1,5,0,1,0,2,0,1,0,5,0,3,4,2,3,3,3,0,1,2,0,3,0,1,0,0,2,0
Los Lagos/Palena/Chaiten,0,1,0,0,0,0,0,0,0,2,1,0,1,0,0,0,0,1,1,1,0,0,2,1,0,1,0,0,0,0,1,0,0,2,0,2,1,1,0,0,0,2,0,1,0,1,0,0,0,0,2,2,2,1,0,0,1,1,0,2,0,0,0,0,0,0,0,0,1,1,1,0,0,0,0,1,0,0,0,0,1,0,0,0,0,2,0,0,1,0,1,1,0,1,0,0,1,1,2,2,0,0,0,0,0,2,0,0,0,0,0,0
Los Lagos/Palena/Futaleufu,0,1,0,0,0,0,0,1,1,1,0,0,1,0,1,1,0,0,0,0,1,1,1,0,0,1,1,2,0,0,1,0,0,0,0,2,0,1,0,0,0,0,0,0,0,1,0,2,0,0,0,1,1,0,0,0,0,0,3,0,0,0,0,0,1,0,0,0,0,1,0,1,0,0,0,0,0,0,0,1,0,0,0,0,0,2,0,0,1,1,0,0,0,2,0,1,0,0,0,2,0,0,0,0,1,0,0,0,0,1,1,0
Los Lagos/Palena/Hualaihue,0,1,0,0,1,0,1,0,0,1,2,0,1,2,0,0,1,1,1,1,0,0,2,1,0,0,2,2,1,0,2,0,0,1,0,4,1,2,0,2,1,3,2,0,0,1,1,1,0,0,0,2,1,1,0,1,2,2,3,1,0,1,0,2,0,0,0,0,2,1,0,1,1,0,0,1,0,0,0,1,0,1,0,0,0,2,0,2,0,0,0,2,0,4,0,0,3,1,4,1,2,0,2,1,0,2,1,0,0,2,1,0
Los Lagos/Palena/Palena,0,4,0,0,0,0,2,0,1,4,3,1,2,2,0,1,0,0,1,0,0,1,2,1,0,0,0,2,0,1,0,0,0,4,0,5,2,3,0,0,0,5,0,0,2,1,1,2,0,0,1,1,2,1,0,2,2,0,4,1,0,0,0,0,0,0,0,0,1,4,0,1,0,0,0,2,0,0,0,1,0,0,0,0,0,3,0,0,3,1,0,0,0,5,0,3,3,2,2,3,1,0,0,1,0,2,1,0,0,0,3,0
Los Rios/Ranco/Futrono,0,2,1,0,0,0,1,0,0,0,0,0,3,0,1,1,0,1,1,0,0,2,1,1,0,1,2,1,0,0,1,0,0,3,0,3,2,2,0,1,0,0,0,0,0,3,0,1,2,0,0,2,0,0,1,0,2,1,2,2,0,0,0,2,2,0,0,0,1,0,0,1,0,0,0,0,0,0,0,0,0,1,1,0,1,3,1,0,1,1,0,2,0,3,0,0,3,1,2,3,1,0,0,1,0,1,0,0,0,0,0,0
Los Rios/Ranco/La Union,0,13,0,1,1,1,1,0,4,11,5,3,5,8,1,3,1,0,2,2,2,1,6,5,1,11,5,6,3,2,1,1,2,11,1,11,5,10,0,3,0,9,4,0,2,9,3,6,3,1,2,4,5,7,2,3,6,2,14,8,1,0,1,5,2,1,0,1,5,11,6,3,0,0,3,7,0,2,1,1,3,4,3,0,1,7,1,1,10,8,1,3,0,12,0,8,11,4,12,9,12,0,5,2,0,8,1,1,3,1,1,1
Los Rios/Ranco/Lago Ranco,0,1,0,0,0,0,0,0,1,1,0,0,2,1,0,0,0,0,0,0,0,0,0,1,0,0,1,0,0,0,0,0,0,1,0,1,0,1,0,1,0,1,0,0,0,1,0,0,0,0,0,0,1,1,0,0,1,1,1,1,0,0,0,0,0,0,0,0,0,2,0,0,0,0,0,0,0,0,0,0,0,0,1,0,0,1,0,0,1,1,0,0,0,1,0,1,2,0,2,1,0,0,0,0,0,1,0,0,0,1,2,0
Los Rios/Ranco/Rio Bueno,0,6,0,2,0,0,0,0,0,6,0,1,3,2,0,2,0,0,2,3,3,0,2,2,0,4,2,5,0,2,0,0,1,4,0,4,2,3,2,0,1,2,0,2,1,1,0,1,1,0,1,1,3,4,0,0,5,0,3,1,0,0,0,0,1,0,0,0,1,2,2,0,0,0,0,3,0,0,0,0,0,2,0,0,0,4,0,1,1,3,0,0,0,3,0,3,6,2,4,2,4,0,0,2,0,2,0,2,0,0,2,0
Los Rios/Valdivia/Corral,0,0,0,0,0,1,0,0,0,0,0,1,1,0,0,0,1,0,1,0,0,0,0,0,0,0,0,1,0,1,0,0,0,0,0,0,1,1,0,1,0,1,1,0,0,1,0,1,0,0,0,1,1,1,0,0,1,0,0,0,0,0,0,0,0,0,0,0,0,1,0,0,0,1,0,0,0,0,0,1,0,0,0,0,0,0,0,0,0,0,0,0,0,1,0,0,1,0,0,1,1,0,1,0,0,0,0,0,0,1,0,0
Los Rios/Valdivia/Lanco,0,3,0,0,0,1,0,1,0,3,1,2,1,3,0,3,0,0,0,1,1,1,1,1,0,2,1,3,0,2,0,0,0,4,0,4,2,4,0,0,1,0,2,0,0,1,0,1,0,0,0,2,1,1,0,2,3,1,4,2,0,0,0,0,1,0,0,0,1,4,2,0,0,0,0,2,1,0,0,1,1,1,0,0,0,3,0,0,1,1,0,1,0,3,0,1,2,1,3,3,4,0,2,2,0,1,0,0,0,0,0,0
Los Rios/Valdivia/Los Lagos,0,5,0,0,1,1,0,0,1,5,1,0,1,4,0,0,1,1,1,3,0,1,3,1,0,3,1,2,2,0,0,0,0,5,0,5,3,1,0,2,0,2,1,1,0,4,0,3,0,0,0,0,2,4,0,0,2,1,0,1,0,0,1,1,1,0,1,0,2,4,3,0,0,0,0,2,0,0,0,1,2,2,0,0,0,4,0,0,2,1,0,0,0,5,0,2,5,0,2,3,1,0,0,1,0,4,1,2,0,2,0,0
Los Rios/Valdivia/Mariquina,0,2,0,0,0,0,0,0,1,3,0,0,1,0,0,1,0,0,1,0,0,0,1,0,0,0,1,1,0,0,1,0,1,2,0,3,1,1,0,0,0,3,0,0,0,1,0,0,0,0,0,2,0,2,0,0,2,2,1,1,0,0,0,0,0,0,0,0,0,3,0,0,0,0,0,0,0,0,0,0,0,1,1,0,0,1,0,0,0,0,0,0,0,2,0,2,2,2,3,2,3,0,1,0,0,0,0,0,0,1,0,0
Los Rios/Valdivia/Mafil,0,1,0,0,0,0,0,0,1,1,0,0,1,1,0,0,0,0,0,0,0,0,0,0,0,0,0,1,1,0,1,0,0,1,0,1,0,0,0,0,0,1,0,0,0,0,0,1,0,0,0,0,0,1,0,0,1,0,2,0,0,0,0,0,0,0,0,0,0,1,0,0,0,0,0,0,0,0,0,0,0,0,1,0,0,1,0,0,0,0,0,0,0,0,0,1,1,0,1,1,1,0,1,0,0,0,0,0,0,0,0,0
Los Rios/Valdivia/Paillaco,0,16,0,0,4,2,2,2,3,15,9,5,5,8,3,3,3,1,4,0,0,6,8,7,2,6,7,11,3,4,3,0,0,16,0,18,4,4,0,4,2,15,1,4,1,10,2,6,1,2,2,17,8,13,0,1,12,5,13,2,0,0,1,3,7,1,0,0,2,10,0,4,0,0,2,8,0,2,0,3,3,3,3,0,4,17,0,4,5,10,0,1,1,18,0,7,15,6,11,7,8,0,2,9,0,8,0,4,1,3,4,1
Los Rios/Valdivia/Panguipulli,0,1,0,0,0,0,0,0,0,1,0,0,0,1,0,1,0,0,1,0,0,0,0,0,0,0,0,1,0,0,0,0,0,1,0,1,0,1,0,0,0,1,0,0,0,1,0,0,0,0,0,0,0,1,0,0,1,0,1,1,0,0,0,0,0,0,0,0,0,1,1,1,0,0,0,0,0,0,0,0,0,0,1,0,0,1,0,0,1,1,0,0,0,1,0,0,1,1,1,1,0,0,0,0,0,0,0,0,0,0,1,0
Los Rios/Valdivia/Valdivia,7,79,0,5,12,8,5,3,17,76,10,34,36,34,6,18,4,3,13,16,3,18,49,38,1,65,23,43,18,23,14,3,6,62,5,76,41,59,1,19,3,57,19,6,11,55,2,20,18,4,25,38,33,31,11,6,45,7,74,34,0,1,5,9,19,4,3,4,12,52,16,2,0,10,3,30,1,11,2,11,20,15,19,3,1,65,1,14,44,18,2,11,5,82,4,32,61,28,68,61,47,0,47,11,1,33,8,14,4,13,7,0
Magallanes y de la Antartica Chilena/Antartica Chilena/Cabo de Hornos,0,6,0,0,0,3,0,1,0,6,5,1,3,3,0,1,0,0,2,1,1,2,3,1,0,0,1,4,0,4,1,0,1,7,0,3,2,4,0,0,0,4,1,0,3,5,0,1,2,4,1,0,2,5,3,2,3,2,4,1,0,0,2,0,1,2,0,0,2,5,0,2,0,0,0,2,1,0,0,1,0,3,0,0,1,4,0,0,3,4,0,0,1,7,0,3,3,3,5,5,5,0,0,3,0,3,0,1,2,1,0,1
Magallanes y de la Antartica Chilena/Magallanes/Punta Arenas,2,70,3,4,9,6,7,2,12,78,15,41,39,26,8,10,5,3,21,15,1,23,36,32,1,53,22,57,13,20,7,0,4,58,4,68,35,55,2,6,3,57,28,3,11,40,2,18,24,8,17,38,36,28,9,4,52,5,63,38,0,0,7,11,14,1,1,1,11,53,13,1,1,8,6,22,2,12,5,10,8,10,12,0,8,56,1,8,42,29,3,17,8,78,4,37,44,17,49,68,44,0,31,11,0,32,3,10,1,7,7,0
Magallanes y de la Antartica Chilena/Tierra del Fuego/Porvenir,1,3,0,0,0,3,0,0,0,4,1,2,2,1,3,2,0,0,1,2,0,1,3,3,0,3,1,3,1,2,0,0,0,3,1,2,1,3,0,0,0,4,0,2,0,3,0,2,1,0,1,1,2,5,0,3,2,1,4,4,0,0,0,1,1,0,0,0,0,2,1,1,0,1,0,1,0,0,0,0,1,0,2,0,0,5,0,0,2,1,0,2,0,5,0,1,3,1,1,5,2,0,1,0,0,3,0,2,0,0,1,0
Magallanes y de la Antartica Chilena/Tierra del Fuego/Primavera,0,1,0,0,0,0,0,0,0,1,0,0,1,1,0,1,0,0,1,0,0,0,0,0,0,1,1,1,0,0,0,0,0,1,0,1,0,1,0,0,0,1,0,0,1,1,0,0,0,0,1,0,0,1,0,0,1,0,1,1,0,0,0,0,0,0,0,0,0,1,0,0,0,0,0,0,0,0,0,0,0,0,0,0,0,1,0,0,1,0,0,0,0,1,0,0,0,0,1,0,1,0,0,1,0,0,0,0,0,0,1,0
Magallanes y de la Antartica Chilena/Tierra del Fuego/Timaukel,0,0,0,0,0,0,0,0,0,0,1,0,1,0,0,0,0,0,0,0,0,0,1,1,0,1,0,1,0,0,0,0,0,1,0,0,1,0,0,0,0,1,0,0,0,0,0,0,0,0,0,1,0,0,0,0,1,0,2,0,0,0,0,0,1,0,0,0,0,0,1,0,0,0,0,0,0,0,0,0,0,1,1,0,0,1,0,0,0,0,0,0,0,1,0,1,0,0,1,1,0,0,0,0,0,0,1,0,0,0,0,0
Magallanes y de la Antartica Chilena/Ultima Esperanza/Natales,0,9,0,0,1,4,1,0,3,9,6,1,2,5,0,4,1,1,4,2,0,4,3,5,0,5,4,7,3,3,4,0,0,8,0,11,4,5,0,2,2,8,4,1,3,6,3,2,3,0,1,5,2,3,0,1,5,1,7,3,0,0,1,0,1,0,2,1,4,7,1,2,0,3,1,4,0,1,0,1,0,7,3,0,4,9,0,1,6,3,1,0,3,13,0,3,9,1,4,5,6,0,5,1,1,6,0,1,1,4,1,0
Maule/Cauquenes/Cauquenes,2,27,1,1,3,4,2,2,5,29,6,9,17,15,5,3,0,2,8,11,2,7,6,14,0,11,9,24,5,2,2,1,1,17,1,20,14,20,0,7,3,15,11,2,5,14,2,7,0,2,3,7,17,10,9,3,11,2,25,17,0,0,0,7,4,0,1,0,7,27,9,6,0,1,1,15,2,1,0,4,2,8,5,0,6,18,1,0,11,14,1,4,1,18,0,20,18,5,23,26,22,0,9,6,0,10,1,8,0,5,6,3
Maule/Cauquenes/Chanco,0,8,0,0,1,1,1,2,0,9,5,2,7,4,0,0,0,0,4,2,0,1,0,1,1,2,4,8,0,3,1,0,1,2,3,8,4,4,0,1,1,2,4,2,1,7,2,3,0,2,0,0,7,6,0,3,4,0,11,1,0,0,1,0,0,0,2,2,1,9,3,2,0,0,0,5,0,1,0,0,0,3,0,0,0,1,0,0,1,3,0,1,0,5,0,10,2,1,7,6,11,0,4,7,0,4,1,5,1,0,3,0
Maule/Cauquenes/Pelluhue,0,12,0,1,2,2,1,0,2,14,5,2,11,4,0,6,0,0,2,5,1,7,2,3,1,5,2,15,4,3,1,0,1,10,1,16,10,9,0,1,3,2,6,5,4,5,0,2,1,0,2,1,15,6,5,2,3,1,22,11,0,0,1,7,6,0,1,4,4,14,4,3,0,0,1,12,0,3,0,5,2,10,2,0,3,8,0,0,11,11,0,1,1,8,0,15,8,5,17,11,11,0,4,8,0,14,0,4,0,5,1,0
Maule/Curico/Curico,2,47,2,3,4,12,3,3,11,56,8,20,29,23,11,7,2,0,16,12,4,9,21,27,3,33,19,43,12,14,11,0,3,45,6,53,19,38,1,4,7,26,21,5,7,37,3,15,19,6,19,12,21,21,10,15,36,4,46,29,0,0,7,12,8,0,2,1,23,43,11,7,1,5,5,20,3,12,2,12,5,11,10,3,3,50,1,2,28,29,0,12,7,57,6,27,34,14,40,51,29,2,22,19,2,27,8,8,0,6,13,0
Maule/Curico/Hualane,1,0,0,0,0,0,0,0,0,1,1,0,0,0,0,0,1,0,1,0,0,1,0,0,0,0,0,1,0,1,1,0,0,0,0,1,1,1,0,0,0,0,1,0,0,0,0,0,0,0,0,0,0,0,0,1,1,0,0,1,0,0,0,0,0,0,0,0,1,1,1,0,0,0,0,0,0,0,0,0,0,0,0,0,0,0,0,0,0,1,0,0,0,0,0,1,1,0,1,1,1,0,0,0,0,1,0,0,0,0,1,0
Maule/Curico/Licanten,0,4,0,0,0,0,0,0,1,4,0,2,2,1,0,2,0,0,1,1,0,0,1,0,0,4,1,3,1,1,1,0,0,1,0,3,1,3,0,0,0,1,1,0,2,3,0,0,2,0,0,1,2,3,0,2,2,2,6,3,0,0,0,1,0,0,0,0,0,3,1,0,0,0,0,1,0,0,0,2,0,0,0,0,0,1,0,0,2,2,0,0,0,2,0,3,4,1,4,4,2,0,1,1,0,4,0,0,0,1,0,1
Maule/Curico/Molina,0,6,0,0,1,1,0,0,0,7,0,0,3,4,2,2,1,1,1,3,0,2,1,2,0,4,2,5,2,3,0,0,0,4,0,7,2,4,0,1,1,3,1,0,0,3,0,3,1,0,2,1,3,5,2,2,3,0,8,4,0,0,1,1,0,0,0,1,2,7,0,0,0,0,0,2,0,2,0,2,1,2,1,0,4,5,0,1,2,1,1,0,1,7,0,5,7,1,6,4,2,0,2,2,0,2,0,1,0,1,1,0
Maule/Curico/Rauco,1,4,0,0,0,0,0,0,0,6,1,1,3,1,1,2,1,2,2,0,0,0,1,2,0,3,0,2,2,0,1,0,0,3,0,4,2,2,0,0,1,1,1,1,1,2,0,2,1,1,0,0,3,2,1,1,3,0,4,1,1,0,1,0,3,0,0,0,0,2,0,1,0,0,0,2,0,1,0,1,2,1,1,0,0,4,0,0,1,0,0,0,0,3,0,3,2,0,3,2,3,0,3,4,0,3,1,0,0,2,1,0
Maule/Curico/Romeral,0,9,0,1,1,1,0,1,0,11,5,1,8,4,0,2,0,1,4,3,0,1,0,6,0,8,4,10,8,5,2,0,1,7,0,12,3,8,0,2,1,2,2,2,2,8,0,4,1,1,2,2,9,8,5,5,6,2,13,5,0,0,0,2,7,0,1,1,4,11,2,2,0,0,1,4,0,1,1,4,1,6,2,1,3,7,1,0,3,10,2,0,2,11,2,7,4,9,11,8,9,0,0,6,0,6,0,5,0,5,4,2
Maule/Curico/Sagrada Familia,0,1,0,0,0,1,0,0,0,2,2,0,0,0,0,0,0,0,1,1,0,0,0,0,0,1,1,1,0,0,0,0,0,2,0,2,2,1,0,0,0,0,2,0,0,2,0,0,0,0,0,1,0,2,1,0,0,0,3,1,0,0,0,1,0,0,0,0,0,2,1,0,0,0,0,0,0,1,0,0,0,0,0,0,1,2,0,0,1,0,0,0,0,1,0,1,2,1,1,2,2,0,1,2,0,1,0,0,0,0,0,0
Maule/Curico/Teno,0,2,0,0,0,1,0,0,1,2,0,0,0,0,0,0,0,0,1,1,1,0,1,0,0,2,1,2,0,1,0,1,0,2,0,2,0,2,0,0,0,1,1,0,0,0,0,0,1,0,0,0,1,0,0,1,1,0,1,1,0,0,0,1,0,0,0,0,0,2,0,0,0,0,0,0,0,0,0,0,0,0,1,0,0,2,0,0,1,1,0,0,0,2,0,1,1,1,1,0,0,0,0,0,0,0,0,0,0,0,0,0
Maule/Curico/Vichuquen,1,5,0,0,1,0,1,0,1,4,2,2,2,3,0,1,0,0,1,0,0,0,0,1,1,3,4,3,0,1,3,0,0,4,0,5,2,3,0,0,1,1,1,0,1,2,0,2,0,0,0,0,5,4,0,0,3,0,3,1,0,0,0,3,2,0,1,0,0,2,1,2,0,0,0,1,0,0,0,1,1,2,2,0,0,1,0,1,2,3,0,1,0,4,1,2,3,1,5,4,3,0,2,4,0,4,0,1,0,1,1,0
Maule/Linares/Colbun,1,0,0,0,2,0,0,0,1,3,2,0,1,1,0,2,0,0,2,0,1,1,2,0,1,1,2,2,0,3,0,0,0,3,0,4,2,1,1,0,1,2,1,0,2,1,1,1,0,1,0,0,2,3,0,0,1,1,4,1,0,0,1,1,0,1,1,0,1,2,2,1,0,0,0,0,0,0,1,1,0,1,0,0,0,1,1,0,1,3,0,0,0,2,0,1,3,2,3,2,2,0,1,1,1,3,0,1,0,0,0,0
Maule/Linares/Linares,3,25,0,1,2,3,1,0,4,27,3,6,16,12,5,5,0,2,10,10,0,9,8,12,2,18,11,19,3,7,5,0,1,21,1,28,15,22,1,3,2,15,10,4,3,17,1,4,6,1,5,5,12,11,4,6,17,1,27,7,0,0,1,4,6,0,2,1,2,23,3,6,0,3,4,11,2,2,0,5,3,4,7,3,1,16,0,1,18,16,1,3,1,29,1,14,15,9,19,27,14,0,10,10,1,14,3,5,2,3,3,0
Maule/Linares/Longavi,2,5,0,0,1,0,1,0,0,5,1,1,3,1,2,1,0,0,1,2,0,0,1,1,0,5,2,4,0,0,0,0,0,4,0,3,1,3,1,1,1,2,3,1,1,1,0,3,0,0,1,0,2,5,1,1,2,0,8,0,0,0,0,1,1,0,0,0,0,5,2,0,0,0,0,1,0,0,0,1,0,3,1,0,1,3,0,0,2,2,1,0,0,3,0,2,3,2,5,4,4,0,0,3,0,4,0,2,0,0,0,0
Maule/Linares/Parral,1,4,0,0,1,0,0,0,2,4,0,1,2,0,0,1,0,0,1,0,0,1,2,3,0,3,1,4,1,1,0,0,0,0,0,4,3,4,1,0,1,1,0,0,1,3,0,2,0,0,0,1,2,0,2,0,0,0,3,3,0,0,1,0,1,0,0,0,0,4,2,1,0,1,0,3,0,1,0,2,0,0,0,0,0,1,0,0,2,2,0,1,0,3,0,3,1,0,3,4,1,0,1,1,0,3,0,0,0,1,2,0
Maule/Linares/San Javier,1,20,0,1,3,3,1,0,2,27,5,4,16,9,1,6,0,1,19,7,3,6,8,6,2,14,2,28,9,5,2,0,0,20,2,28,27,14,0,6,2,2,8,4,10,12,0,13,3,2,2,5,26,10,9,4,13,1,34,16,0,0,1,9,9,3,6,4,7,25,14,5,0,1,3,16,3,3,0,4,4,19,2,0,4,11,2,1,6,19,2,3,4,18,1,24,10,7,29,24,27,0,11,13,0,18,1,7,1,7,3,0
Maule/Linares/Villa Alegre,0,1,0,0,0,0,0,0,0,1,0,1,0,1,1,0,0,0,0,1,0,0,0,0,0,0,1,1,0,0,0,0,0,1,0,1,0,1,0,0,1,0,0,0,0,1,0,0,0,0,0,0,1,0,0,0,1,0,0,0,0,0,0,0,1,0,0,0,1,1,0,0,0,0,0,1,0,0,0,0,0,0,0,0,0,1,0,0,0,1,0,0,0,1,0,1,1,0,1,0,1,0,0,1,0,0,0,0,0,0,0,0
Maule/Linares/Yerbas Buenas,0,2,0,0,0,0,0,0,0,3,3,1,2,1,1,2,0,0,2,0,1,1,0,1,0,1,3,1,1,0,0,0,1,3,2,3,1,2,0,0,1,4,1,0,1,4,1,1,0,0,0,2,3,2,0,0,0,0,1,1,0,0,1,0,0,0,0,1,1,1,2,1,1,0,0,0,0,0,0,1,0,0,1,0,0,3,0,0,0,3,0,1,0,3,0,2,1,1,3,2,2,0,0,1,0,2,0,0,1,1,1,0
Maule/Talca/Constitucion,0,5,0,0,1,0,0,0,1,5,3,2,3,2,1,1,1,1,3,1,1,1,1,0,0,3,4,5,1,2,1,1,0,5,0,4,3,2,1,1,0,3,3,0,1,2,0,3,1,2,0,2,3,2,1,0,3,2,7,3,0,1,0,1,1,0,1,0,2,3,0,1,0,0,1,1,0,2,0,0,1,2,3,0,0,3,0,0,3,3,1,0,1,7,0,6,4,0,3,6,5,0,2,0,0,3,1,0,0,0,5,1
Maule/Talca/Curepto,0,7,2,0,1,2,1,0,3,8,3,4,4,3,0,2,0,0,3,1,1,2,3,3,0,6,2,6,1,2,0,0,0,4,1,8,4,4,0,1,1,5,1,1,0,3,1,2,1,1,0,1,4,6,1,3,5,0,9,2,0,0,0,1,2,0,0,0,1,8,1,0,0,0,0,1,0,1,0,3,1,5,1,0,0,7,0,0,4,5,1,4,0,6,0,8,1,3,8,6,8,0,3,3,0,6,0,0,0,2,1,0
Maule/Talca/Empedrado,0,1,0,0,0,0,0,0,0,0,0,0,0,0,0,1,0,0,0,0,0,0,0,0,0,1,0,0,0,0,0,0,0,0,0,0,0,0,0,0,0,0,0,0,0,0,0,1,0,0,0,0,0,0,0,0,0,0,0,0,0,0,0,1,0,0,0,0,0,0,0,0,0,0,0,0,0,0,0,0,0,0,0,0,0,0,0,0,0,0,0,0,0,0,0,1,0,0,1,0,0,0,0,0,0,0,0,0,0,0,0,0
Maule/Talca/Maule,0,6,0,0,1,3,0,0,0,8,2,3,2,6,1,2,1,0,6,2,3,1,5,4,0,4,4,6,0,2,1,0,0,6,0,10,7,5,0,2,2,3,1,1,0,4,0,2,2,1,0,1,3,3,2,1,4,2,7,4,0,0,0,3,0,0,0,2,2,6,1,3,0,0,0,3,0,0,0,1,1,2,3,0,2,9,0,0,5,5,0,1,0,9,0,4,5,3,7,8,7,0,2,5,0,5,0,2,0,2,1,0
Maule/Talca/Pelarco,0,0,0,0,0,1,0,0,0,2,2,0,1,2,0,1,0,0,0,1,1,0,0,0,0,0,0,1,0,0,0,0,0,1,0,2,1,1,0,0,0,0,1,1,0,0,0,0,0,0,1,0,2,1,0,1,2,0,2,0,0,0,0,1,0,0,0,0,0,1,0,0,0,0,0,1,0,0,0,0,0,1,0,0,0,1,0,0,2,1,0,0,0,1,0,2,0,1,2,1,1,0,0,1,0,0,0,0,0,0,1,0
Maule/Talca/Pencahue,0,4,0,1,0,0,0,0,1,4,0,1,2,2,0,2,0,1,3,0,0,0,0,1,0,1,2,2,0,0,0,1,0,2,0,3,1,2,0,1,1,3,1,0,0,1,0,1,0,0,0,0,1,3,0,0,3,0,2,3,0,0,0,0,0,0,0,0,1,4,0,0,0,0,0,1,0,0,0,1,0,1,1,0,0,3,0,0,1,4,0,0,0,4,0,4,4,0,3,4,2,0,2,3,0,2,0,1,0,0,1,0
Maule/Talca/Rio Claro,0,1,0,0,1,1,0,0,0,2,0,0,1,1,0,0,0,1,0,0,0,0,0,0,0,1,0,1,0,0,0,0,0,1,0,1,1,1,0,0,0,0,0,0,1,1,0,0,0,0,0,0,0,2,1,1,0,0,3,1,0,0,0,0,0,0,0,0,1,1,1,0,0,0,0,0,0,1,0,1,0,0,0,0,0,0,0,0,1,0,0,0,0,0,0,2,0,0,1,0,2,0,0,1,0,1,0,0,0,0,1,0
Maule/Talca/San Clemente,0,4,0,0,0,0,0,0,1,6,1,1,2,2,1,3,1,1,2,2,2,1,0,3,0,3,1,4,4,3,0,0,1,3,0,6,3,4,1,2,0,4,3,1,0,4,0,1,1,1,0,2,2,2,0,2,4,0,4,3,0,0,1,1,1,0,0,1,0,3,0,2,0,0,0,1,1,0,0,1,1,0,1,1,0,6,0,0,0,1,0,2,0,4,0,3,1,1,4,5,2,0,3,0,0,2,1,0,0,2,0,0
Maule/Talca/San Rafael,0,6,0,0,0,2,0,0,0,7,1,3,3,4,0,1,0,0,2,2,0,1,0,2,0,3,2,6,1,3,1,0,2,6,0,5,0,1,0,0,0,3,2,2,1,2,0,1,0,0,0,1,3,5,1,1,4,2,4,2,0,0,0,1,2,0,0,0,0,3,0,2,0,0,0,1,0,0,0,1,0,0,1,0,2,3,0,0,1,2,0,1,2,6,0,5,5,3,3,4,3,0,1,4,0,0,1,1,1,0,0,0
Maule/Talca/Talca,2,68,0,7,10,8,6,2,18,74,17,22,43,28,13,10,1,7,33,15,3,31,36,32,2,52,27,49,19,26,5,2,8,60,5,76,39,54,0,10,6,50,19,9,12,50,6,16,27,5,17,18,30,37,17,6,42,2,62,36,0,3,8,9,21,2,2,1,16,51,12,7,1,6,8,20,2,10,4,11,6,15,9,1,7,62,2,6,40,40,5,11,7,82,4,36,47,26,62,65,41,0,29,22,4,30,3,12,3,9,17,2
Metropolitana de Santiago/Chacabuco/Colina,1,27,0,2,2,2,1,0,6,24,7,6,18,7,1,7,1,3,5,2,0,13,18,12,3,23,16,23,11,1,2,0,10,17,3,19,9,21,0,6,5,5,11,4,0,22,1,7,12,1,8,10,17,10,6,0,14,0,31,26,0,0,0,1,2,1,2,1,5,17,4,1,0,3,2,12,1,10,2,6,1,6,7,0,0,21,1,1,20,10,1,5,4,26,4,14,15,6,26,26,13,2,14,9,0,9,2,3,3,1,5,0
Metropolitana de Santiago/Chacabuco/Lampa,2,9,0,1,1,3,0,0,2,10,4,2,4,6,1,5,0,0,5,1,0,2,4,7,1,5,1,5,3,2,3,0,1,5,1,10,6,9,0,1,1,4,4,1,0,8,0,5,4,0,2,4,7,5,3,0,1,1,6,6,0,0,3,3,0,0,2,2,6,8,4,2,0,0,1,6,1,0,0,1,1,1,1,0,0,5,0,0,5,5,1,3,0,8,0,5,5,2,12,10,8,0,2,4,1,5,2,2,2,0,1,1
Metropolitana de Santiago/Chacabuco/Tiltil,0,6,0,0,1,0,2,0,0,6,1,3,3,3,2,0,0,0,4,1,1,2,2,2,0,4,0,4,2,1,2,0,0,6,0,7,3,3,0,1,0,0,2,1,2,3,0,2,2,1,0,0,3,2,2,1,4,1,6,1,0,0,0,1,1,0,0,0,0,4,3,0,0,0,1,2,1,0,0,0,0,1,3,0,0,4,0,2,6,4,0,0,1,7,0,3,6,3,4,6,2,0,5,1,0,5,0,2,0,0,2,0
Metropolitana de Santiago/Cordillera/Pirque,1,6,0,2,2,0,0,0,0,5,0,3,5,1,1,0,0,0,0,2,0,3,5,2,0,6,4,4,1,1,1,0,1,9,0,7,4,5,1,1,0,1,3,0,0,4,0,3,6,1,1,1,5,2,0,0,2,1,5,4,0,0,0,3,1,1,0,1,2,4,0,0,0,4,0,2,0,0,0,1,0,0,0,0,1,7,1,1,4,3,0,2,0,8,0,2,5,3,4,4,2,0,2,1,0,4,1,1,1,1,2,0
Metropolitana de Santiago/Cordillera/Puente Alto,3,90,4,5,9,18,6,0,14,102,27,31,136,63,18,18,9,5,51,20,6,96,49,48,1,140,112,131,24,19,9,2,61,95,8,99,73,141,0,18,15,49,102,7,10,69,16,26,104,14,20,27,105,39,71,12,38,11,138,114,1,2,13,16,16,4,5,5,85,130,29,11,30,59,71,91,6,42,9,22,14,28,26,3,14,91,1,12,128,93,4,20,21,158,3,64,60,35,140,156,125,0,40,31,2,125,64,20,32,18,25,8
Metropolitana de Santiago/Cordillera/San Jose de Maipo,1,12,0,0,3,0,2,0,1,12,2,5,5,7,3,1,0,1,1,0,0,4,7,8,0,8,3,4,3,4,0,0,0,10,0,11,11,11,0,3,0,8,3,1,1,11,0,3,2,1,2,7,6,3,0,0,4,1,11,7,0,0,1,1,6,2,0,0,6,8,2,1,0,1,1,2,0,2,0,1,2,2,2,0,3,14,0,2,4,4,0,0,2,13,0,7,9,5,11,7,3,0,6,2,0,7,2,1,0,1,1,0
Metropolitana de Santiago/Maipo/Buin,2,11,0,1,0,3,0,0,3,12,3,4,5,4,4,1,2,0,1,2,1,4,7,8,0,9,2,9,2,6,3,0,2,7,2,9,10,6,0,3,0,4,7,1,3,10,0,2,6,1,2,4,6,4,1,1,6,1,13,3,0,0,3,3,4,0,0,0,2,7,1,1,0,2,2,2,1,0,1,3,2,1,3,0,0,14,0,2,7,1,1,4,1,10,0,4,4,4,10,8,5,0,6,1,0,5,2,4,1,2,3,0
Metropolitana de Santiago/Maipo/Calera de Tango,0,3,0,0,1,0,0,0,0,1,1,1,2,3,0,0,0,1,0,0,0,2,1,0,0,1,3,2,1,0,0,0,0,0,0,2,1,3,0,0,0,2,2,0,0,3,0,0,0,0,0,0,2,3,0,0,2,0,5,2,0,0,0,0,0,0,0,0,0,3,1,0,0,0,0,1,0,1,0,2,1,1,1,0,2,3,0,0,1,2,0,0,0,4,0,1,3,0,2,1,0,0,2,1,0,1,0,0,0,0,0,1
Metropolitana de Santiago/Maipo/Paine,1,4,0,0,0,0,0,0,3,6,1,1,4,3,3,1,0,2,3,1,0,2,3,1,0,3,0,4,2,3,0,0,0,6,0,8,3,3,0,0,0,2,0,1,1,3,0,4,0,0,3,1,3,6,1,1,4,0,6,3,0,1,0,1,1,0,0,1,0,3,0,1,0,2,0,3,0,0,0,2,1,0,2,0,0,6,0,2,4,3,0,3,1,7,0,4,6,3,5,2,5,0,3,1,0,4,1,1,0,1,0,0
Metropolitana de Santiago/Maipo/San Bernardo,3,24,1,0,2,3,0,1,7,29,5,12,13,17,7,5,0,4,12,8,2,8,11,13,1,19,15,15,11,12,7,1,4,26,3,31,20,23,4,3,1,11,13,2,5,19,1,10,11,5,7,6,11,11,5,1,8,6,27,18,0,0,1,8,7,0,1,3,10,23,6,4,0,1,1,13,0,1,3,5,5,2,6,0,4,28,0,5,13,10,1,3,3,29,1,19,17,6,24,23,13,0,13,10,1,15,2,8,3,4,4,2
Metropolitana de Santiago/Melipilla/Curacavi,0,1,0,0,0,1,0,0,0,2,0,0,1,1,0,0,1,1,0,0,0,2,3,0,0,0,1,0,0,0,0,0,0,0,0,0,1,1,0,0,1,1,0,1,0,0,0,0,2,0,1,1,1,0,0,0,0,0,3,0,0,0,0,0,0,0,0,0,0,1,0,0,0,0,0,1,0,1,1,0,1,0,1,0,0,1,0,1,1,0,0,0,0,2,0,1,2,1,1,1,0,0,1,0,0,1,1,1,0,0,0,0
Metropolitana de Santiago/Melipilla/Maria Pinto,2,1,0,0,0,0,0,0,1,1,0,1,0,0,2,2,0,0,0,0,0,0,1,2,0,1,0,1,1,1,0,0,0,2,0,2,0,1,0,1,0,0,0,0,0,1,0,0,1,1,1,1,1,1,0,0,0,0,3,0,0,0,2,0,0,0,0,0,1,1,0,0,0,0,0,0,0,0,0,0,0,0,0,0,0,1,0,1,1,1,0,0,0,2,0,1,1,0,1,1,1,0,2,1,0,1,0,1,0,1,0,0
Metropolitana de Santiago/Melipilla/Melipilla,5,17,0,1,5,2,2,0,8,23,7,5,10,11,3,7,0,1,7,2,1,3,6,16,1,15,14,16,4,6,2,0,0,20,0,24,13,19,1,5,4,11,12,0,3,19,1,9,7,0,5,5,11,13,3,5,10,2,20,14,0,1,1,9,3,1,0,0,6,20,4,2,0,0,1,7,2,1,1,7,1,6,5,0,3,22,2,2,18,6,0,0,0,24,2,6,16,7,19,21,11,0,9,11,0,13,1,3,0,2,3,1
Metropolitana de Santiago/Melipilla/San Pedro,0,2,0,0,0,0,0,0,1,1,1,0,2,0,0,0,0,0,1,0,1,0,1,0,0,1,1,2,1,0,0,0,0,1,0,2,2,1,0,0,0,0,1,0,1,1,0,0,0,0,0,2,1,2,0,0,1,0,1,1,0,0,0,0,0,0,0,0,0,2,0,0,0,1,0,2,0,0,0,0,0,0,0,0,0,2,0,0,1,0,0,0,0,2,0,1,2,1,1,2,1,0,0,0,0,1,0,2,0,1,1,0
Metropolitana de Santiago/Santiago/Cerrillos,1,23,0,0,1,6,3,0,1,26,8,7,8,13,6,6,0,1,10,6,2,1,7,13,0,11,10,16,3,4,1,0,0,22,2,24,11,18,0,6,0,4,14,6,1,19,0,8,9,2,0,8,14,10,3,4,8,2,14,6,0,0,0,7,5,0,2,2,9,17,3,4,0,1,1,8,0,2,0,7,1,5,6,0,3,20,0,2,9,12,0,2,2,24,1,11,15,4,14,19,9,0,7,9,0,13,1,8,0,2,7,0
Metropolitana de Santiago/Santiago/Cerro Navia,3,14,0,0,1,3,2,0,8,13,1,4,5,8,3,5,1,1,9,2,1,2,7,6,0,10,7,9,5,4,4,0,0,13,0,14,12,5,1,5,2,5,9,2,0,9,0,6,2,0,2,6,8,10,3,0,6,3,18,5,0,0,3,2,6,0,1,1,2,13,3,5,0,2,0,4,0,1,0,2,4,1,7,0,2,16,0,2,6,7,1,2,1,17,0,6,8,3,8,8,7,0,7,5,0,12,4,4,0,3,3,1
Metropolitana de Santiago/Santiago/Conchali,2,17,0,1,3,3,1,1,2,19,1,6,10,14,4,3,0,1,8,7,0,9,6,11,1,17,3,11,4,3,2,0,4,14,2,19,15,15,2,1,1,6,5,2,1,11,0,4,5,0,6,3,9,8,4,1,4,2,14,8,0,0,5,4,3,0,2,1,8,14,1,0,0,1,0,5,2,1,2,2,1,5,5,0,5,14,1,3,14,8,0,2,3,16,2,6,7,4,14,17,11,1,7,4,1,11,0,5,3,0,0,2
Metropolitana de Santiago/Santiago/El Bosque,3,57,0,0,4,15,5,1,6,62,23,10,15,49,9,6,2,5,22,19,1,9,10,31,1,37,15,37,28,20,8,0,2,40,4,53,39,35,2,17,7,10,35,5,8,33,6,15,14,7,5,8,25,30,8,4,16,5,52,17,1,0,7,7,14,1,10,4,16,51,11,12,0,2,5,9,4,3,0,19,1,18,12,2,6,40,0,6,36,27,1,4,4,45,0,37,31,11,40,42,48,0,19,29,0,48,3,12,2,14,8,6
Metropolitana de Santiago/Santiago/Estacion Central,0,31,2,2,7,2,3,0,8,31,4,17,12,16,8,6,4,5,11,6,2,8,10,11,1,21,9,18,10,7,9,1,1,24,1,32,23,24,1,8,2,13,14,5,6,18,1,11,10,1,7,10,18,11,3,0,14,2,33,10,0,0,2,3,7,0,3,1,7,25,5,7,1,1,1,8,2,0,0,7,1,5,4,0,2,35,2,4,9,14,2,5,4,36,0,16,18,10,24,25,15,0,16,8,1,20,2,10,2,4,6,1
Metropolitana de Santiago/Santiago/Huechuraba,0,30,0,1,3,5,2,1,4,30,4,11,6,16,4,6,3,0,4,7,0,3,12,9,0,25,10,20,10,8,8,0,4,19,1,25,16,22,1,3,3,9,9,6,4,17,0,12,8,2,7,5,8,9,6,0,12,3,30,14,0,0,4,4,10,1,0,1,8,15,3,5,0,2,0,18,0,1,0,11,8,4,3,2,2,22,1,4,16,9,0,5,1,29,1,9,15,5,22,23,11,0,15,6,0,14,1,4,1,2,3,0
Metropolitana de Santiago/Santiago/Independencia,1,24,0,1,1,6,4,0,7,28,6,11,7,8,6,6,1,1,12,6,2,4,13,17,0,15,12,14,4,10,4,0,1,13,2,26,15,22,3,4,0,9,11,2,5,18,0,10,6,0,7,8,16,10,4,0,8,5,20,12,0,1,3,9,5,1,2,1,7,18,3,5,1,2,0,4,2,0,0,8,3,6,9,1,2,24,0,3,10,8,0,3,1,27,1,17,11,7,18,20,14,0,3,6,2,20,3,4,1,6,5,0
Metropolitana de Santiago/Santiago/La Cisterna,2,31,0,2,2,0,1,1,3,26,0,16,11,15,7,5,2,2,14,9,1,7,13,10,1,18,11,17,6,13,5,0,3,23,2,26,19,23,1,8,2,14,11,3,3,20,1,8,8,1,10,9,14,11,3,3,11,2,26,15,0,0,2,2,2,0,2,2,6,22,4,3,0,5,0,8,1,2,1,7,3,8,3,0,2,27,2,5,15,6,0,6,6,32,1,7,24,6,20,24,12,1,17,5,2,16,7,5,3,3,4,1
Metropolitana de Santiago/Santiago/La Florida,10,122,0,4,20,13,18,1,39,124,12,49,50,49,31,18,2,12,37,28,2,30,79,66,3,98,45,89,40,47,26,0,7,115,14,141,101,92,2,33,8,53,35,28,17,85,2,43,22,10,34,46,65,45,16,4,59,11,125,57,0,5,13,12,24,4,6,3,36,103,25,18,1,17,10,43,8,13,3,16,18,13,40,2,6,129,4,21,63,48,6,18,19,149,5,51,108,50,85,111,56,1,49,20,5,77,13,35,7,14,18,1
Metropolitana de Santiago/Santiago/La Granja,2,16,0,1,5,2,0,1,4,19,5,8,9,12,2,1,0,1,8,6,1,5,5,10,5,8,6,12,8,6,5,0,0,15,4,20,16,15,1,5,0,10,4,3,0,10,0,5,7,0,4,4,10,11,2,0,14,2,22,4,1,1,3,3,5,0,1,1,10,16,5,2,0,0,0,5,6,2,0,2,2,1,10,0,4,21,0,1,12,10,0,2,6,19,0,7,14,4,8,20,15,0,4,4,2,14,4,3,0,0,9,0
Metropolitana de Santiago/Santiago/La Pintana,3,22,0,2,3,6,4,1,2,27,6,9,8,18,9,7,1,6,8,2,0,8,9,15,1,13,10,18,5,11,7,1,2,24,1,31,21,18,1,10,3,11,16,5,3,22,3,10,10,2,4,13,13,26,5,0,9,4,27,18,0,1,2,9,4,0,4,2,10,18,8,4,0,2,3,7,5,2,1,5,7,3,6,0,4,28,1,5,13,12,2,7,0,35,1,16,17,9,22,25,16,0,9,10,4,15,2,7,4,4,6,0
Metropolitana de Santiago/Santiago/La Reina,3,118,2,11,24,4,22,3,45,117,17,54,51,45,17,20,8,13,23,11,3,45,92,62,0,89,48,72,57,45,20,1,12,124,14,144,99,102,2,33,13,46,41,23,6,77,6,35,39,12,69,57,69,36,20,8,66,5,127,57,0,0,23,19,28,3,3,2,21,69,32,11,1,11,7,49,0,18,4,17,31,22,28,0,9,134,3,18,54,27,7,22,19,151,6,44,106,54,93,104,49,0,89,15,2,56,9,46,2,9,10,2
Metropolitana de Santiago/Santiago/Las Condes,4,201,4,11,32,11,34,2,44,200,46,60,127,62,18,24,7,9,27,27,6,115,155,86,4,177,104,167,82,54,20,2,87,164,26,205,106,162,15,43,12,102,79,28,13,148,15,30,94,20,78,77,115,59,22,8,101,9,177,124,0,1,31,26,45,8,9,8,34,132,54,15,0,24,40,86,9,59,31,46,38,34,34,2,21,180,6,7,137,57,29,34,16,229,9,84,115,38,179,155,110,3,143,24,0,85,13,54,40,6,26,1
Metropolitana de Santiago/Santiago/Lo Barnechea,1,23,2,0,1,2,2,0,3,21,13,4,33,4,1,3,1,2,3,0,2,33,15,6,0,28,19,29,14,4,3,0,32,22,2,27,4,22,4,4,0,4,8,3,2,23,5,3,29,3,6,6,24,8,5,1,12,0,18,23,1,0,7,1,2,1,1,1,6,18,11,3,0,8,15,20,3,11,11,9,2,1,1,3,5,11,3,0,30,16,4,5,1,26,2,11,7,7,30,30,28,0,22,11,0,5,8,2,21,4,4,3
Metropolitana de Santiago/Santiago/Lo Espejo,3,14,1,2,5,6,0,0,1,14,3,6,5,9,6,4,2,1,8,4,0,4,5,7,0,13,1,7,6,3,4,0,0,15,1,15,13,6,0,2,2,6,6,2,1,14,2,5,9,2,4,4,7,8,4,1,7,0,9,3,0,1,3,1,10,0,3,1,9,12,4,1,0,2,0,5,1,1,1,2,2,4,5,0,4,17,2,3,8,7,2,1,1,15,0,8,10,5,14,13,8,0,3,6,2,8,2,4,0,3,3,1
Metropolitana de Santiago/Santiago/Lo Prado,3,35,0,0,4,4,6,1,7,42,14,11,13,19,6,7,2,4,33,8,2,6,14,17,1,27,12,33,14,12,8,1,1,32,3,42,21,30,1,12,2,13,17,5,3,23,0,16,8,4,6,13,20,16,4,3,8,6,42,19,0,1,5,8,5,0,1,5,9,34,7,10,0,1,2,13,2,2,1,10,3,8,11,0,7,34,2,2,21,20,1,3,5,41,1,26,28,8,32,32,22,0,20,13,1,21,6,11,1,14,6,0
Metropolitana de Santiago/Santiago/Macul,6,71,1,4,11,6,4,3,13,70,10,29,25,36,12,10,2,6,24,19,2,17,30,37,0,37,28,43,20,24,8,0,1,64,3,71,40,54,4,15,6,32,23,6,6,47,1,28,10,10,21,30,32,22,12,4,19,10,49,29,1,1,8,5,21,2,4,0,17,40,6,8,1,2,0,22,2,2,1,11,12,12,20,1,3,66,4,10,33,22,2,15,9,74,5,32,48,23,50,60,39,0,31,12,1,32,2,19,0,12,13,1
Metropolitana de Santiago/Santiago/Maipu,4,63,0,8,7,5,5,3,18,61,9,24,19,33,13,18,3,6,25,16,1,15,28,30,3,41,22,48,21,20,17,0,5,56,6,62,50,46,1,8,8,32,23,9,5,44,4,23,14,4,15,25,43,18,10,4,16,3,61,32,0,0,2,12,10,4,1,1,23,45,15,12,0,5,4,27,0,4,0,17,12,12,19,0,2,62,2,9,35,21,0,15,8,71,1,26,55,19,46,55,30,1,24,19,2,27,6,9,6,3,15,1
Metropolitana de Santiago/Santiago/Pedro Aguirre Cerda,7,49,1,3,15,10,12,1,9,56,10,10,15,34,21,5,3,1,14,6,3,19,28,20,1,36,14,33,14,19,9,1,4,32,10,50,41,28,1,12,3,14,24,7,4,36,1,11,12,2,11,14,22,21,7,4,12,8,45,10,0,1,5,10,11,2,4,3,12,43,19,8,0,6,3,16,1,0,0,5,6,6,9,2,1,47,2,6,21,23,1,6,16,56,0,24,36,14,35,56,19,2,33,11,3,23,13,21,4,4,13,1
Metropolitana de Santiago/Santiago/Penalolen,4,64,0,3,10,3,10,1,23,60,3,23,19,28,4,7,8,4,22,10,2,17,41,40,1,39,19,35,19,14,12,0,2,60,6,65,50,46,4,21,5,32,25,8,5,40,3,29,13,10,33,26,32,21,9,3,23,10,62,30,0,1,6,15,16,1,1,2,14,38,9,7,0,4,0,16,0,10,0,4,12,12,13,0,3,64,4,9,42,10,3,5,7,74,0,16,55,29,54,49,24,0,36,4,2,31,4,14,2,5,8,0
Metropolitana de Santiago/Santiago/Providencia,15,337,1,13,48,13,54,8,92,318,42,159,130,111,38,32,16,38,46,38,7,149,267,187,16,254,124,198,162,101,54,2,51,294,40,347,233,239,15,90,18,150,139,69,38,224,3,69,99,28,145,158,148,113,38,8,135,22,316,157,0,0,41,60,78,17,15,3,53,165,63,17,1,36,19,121,2,62,13,56,64,61,63,3,18,358,12,37,171,67,15,45,34,394,10,118,215,97,253,232,142,3,210,18,4,141,16,78,17,24,35,1
Metropolitana de Santiago/Santiago/Pudahuel,2,24,0,4,4,0,3,0,5,22,4,8,15,9,7,3,2,4,9,4,0,5,16,18,2,15,7,16,2,10,2,0,0,17,2,29,20,15,0,3,3,12,11,5,3,16,1,7,7,3,7,7,12,10,1,3,8,2,20,13,0,0,3,4,2,1,3,0,7,20,8,2,0,1,2,8,2,2,0,2,3,8,1,0,3,26,1,2,15,6,1,2,4,26,1,14,13,10,18,20,16,0,12,4,1,20,1,7,1,2,8,0
Metropolitana de Santiago/Santiago/Quilicura,2,19,0,0,1,7,0,0,2,20,6,6,9,11,4,4,0,2,7,5,3,9,7,9,0,10,6,11,7,6,4,0,0,13,2,17,11,8,0,2,0,7,11,2,2,15,2,5,2,1,2,4,8,6,4,3,5,2,14,8,0,1,1,0,0,0,1,2,7,16,5,4,0,3,1,4,0,1,0,2,0,1,6,0,2,17,0,2,12,8,1,4,2,17,0,9,10,6,14,16,7,0,10,6,1,7,2,4,2,4,1,0
Metropolitana de Santiago/Santiago/Quinta Normal,6,62,3,4,5,10,8,4,7,75,23,11,34,45,12,21,2,2,28,16,7,14,18,23,10,40,22,55,14,14,7,1,2,48,2,65,29,40,0,10,10,18,31,14,13,45,1,19,5,11,10,13,36,44,4,3,23,5,63,24,1,1,7,11,17,1,3,7,24,58,14,18,1,1,4,28,0,9,2,16,10,14,14,2,11,45,3,4,43,43,2,6,7,57,1,52,32,18,59,53,51,0,18,35,3,38,5,16,2,13,13,1
Metropolitana de Santiago/Santiago/Recoleta,8,88,2,5,16,10,15,2,13,88,9,25,31,46,20,14,1,11,31,20,3,21,40,59,3,47,24,49,24,36,15,1,7,72,8,89,67,54,3,18,6,31,37,15,15,55,3,29,16,5,22,28,35,31,7,7,29,6,83,34,0,1,5,13,19,2,7,6,23,63,7,11,0,8,1,33,4,8,1,11,16,21,18,0,14,84,5,12,40,36,3,9,8,96,0,43,65,21,65,82,44,2,46,20,5,57,13,29,1,8,17,5
Metropolitana de Santiago/Santiago/Renca,1,23,0,2,5,2,1,1,3,25,3,8,7,12,7,5,0,2,5,3,0,8,7,4,1,14,8,12,5,6,5,0,3,14,1,22,9,10,0,2,2,9,6,3,2,7,2,8,4,0,5,4,10,10,2,2,11,1,18,10,1,0,3,3,4,0,1,1,4,17,3,7,0,0,2,4,1,1,2,1,8,1,7,0,1,18,0,3,9,8,1,6,2,19,0,13,13,6,12,16,15,0,11,4,0,12,2,2,2,3,2,1
Metropolitana de Santiago/Santiago/San Joaquin,3,25,1,3,0,4,1,0,5,25,6,8,12,16,10,10,4,3,11,11,3,5,12,14,1,18,15,11,9,10,6,0,1,25,3,30,22,21,0,8,4,11,16,5,2,17,1,12,7,1,4,8,19,8,5,0,12,5,23,8,0,2,3,8,2,0,1,0,13,19,5,6,0,0,3,8,2,1,0,2,7,3,8,0,1,22,1,1,14,12,3,8,5,35,2,10,18,10,20,25,10,0,11,7,2,17,4,8,1,6,6,1
Metropolitana de Santiago/Santiago/San Miguel,3,50,0,2,12,6,9,2,12,58,11,18,26,31,12,10,0,3,10,12,1,18,22,26,1,39,17,37,19,22,8,0,4,49,3,57,41,43,2,13,7,19,11,8,4,43,1,18,25,1,16,17,23,21,7,4,23,3,50,27,1,2,11,10,12,2,4,0,10,45,12,8,0,2,2,20,4,4,0,8,10,7,15,0,7,58,3,6,33,18,2,9,5,59,1,25,40,20,38,51,18,0,34,11,1,32,13,16,0,5,9,0
Metropolitana de Santiago/Santiago/San Ramon,1,18,0,2,1,2,3,0,3,19,5,4,7,11,4,6,0,2,9,3,2,2,7,17,0,11,6,11,5,11,2,0,0,20,0,19,14,8,0,3,0,11,5,3,1,9,1,8,8,0,2,3,8,9,2,0,5,2,14,7,0,1,3,3,3,1,0,0,9,13,3,5,0,2,1,7,1,0,0,2,6,5,7,0,1,14,3,6,9,8,1,2,0,20,0,6,15,8,15,14,6,0,6,3,0,7,1,3,0,4,6,0
Metropolitana de Santiago/Santiago/Santiago,37,385,2,25,79,28,57,3,123,376,48,171,119,162,92,33,15,41,86,72,15,145,270,226,12,276,139,232,144,149,58,5,29,335,39,421,295,284,36,85,38,198,158,69,34,282,10,119,112,25,151,186,184,150,51,16,159,32,388,173,2,3,37,74,85,14,27,16,76,230,79,33,1,42,27,140,8,50,12,73,78,84,106,2,15,415,23,74,213,90,17,55,43,464,11,126,274,116,311,303,167,2,215,38,7,221,41,117,16,36,50,5
Metropolitana de Santiago/Santiago/Vitacura,0,73,2,2,9,2,11,3,13,79,24,21,61,17,3,17,2,4,10,6,1,64,63,23,4,70,53,65,31,17,9,0,51,54,9,87,40,65,3,9,8,31,29,7,5,64,4,13,55,10,22,26,45,21,9,2,35,1,64,52,1,1,13,10,11,4,0,2,6,49,22,9,0,14,22,38,2,25,11,16,9,13,6,1,5,58,5,1,64,32,6,14,7,90,7,33,45,13,77,65,42,0,54,14,0,34,6,19,16,6,7,0
Metropolitana de Santiago/Santiago/Nunoa,12,252,4,22,41,12,52,5,73,233,23,124,72,99,36,25,11,24,48,44,6,90,179,115,4,189,95,130,114,73,53,5,17,221,24,281,191,164,12,71,11,118,77,42,20,154,1,80,45,21,127,119,120,75,28,6,122,15,239,93,1,8,34,47,55,10,9,6,35,145,38,14,0,25,3,84,0,32,6,40,52,49,62,2,13,282,16,31,118,54,7,44,25,306,4,71,209,61,218,187,96,1,159,10,2,106,17,80,9,13,20,0
Metropolitana de Santiago/Talagante/El Monte,0,3,0,0,0,0,0,0,1,3,0,1,1,1,0,0,1,1,2,0,0,0,0,0,0,1,0,1,2,2,0,0,0,1,1,2,2,2,0,1,1,0,2,1,2,0,1,0,0,0,1,1,0,2,1,1,0,0,1,1,0,0,0,2,1,0,0,0,2,1,0,0,0,0,0,0,0,0,0,0,2,1,1,1,0,3,0,0,1,1,0,0,0,3,0,2,2,2,0,2,2,0,1,2,0,2,0,2,0,0,1,0
Metropolitana de Santiago/Talagante/Isla de Maipo,1,9,0,0,0,1,0,0,2,8,3,1,4,5,2,1,1,0,3,1,1,0,6,3,0,2,4,3,1,2,2,0,1,9,1,10,6,7,0,2,0,4,3,1,1,6,0,1,2,0,1,2,3,7,1,3,4,1,5,1,0,0,0,2,3,0,0,1,2,7,4,1,0,0,0,4,0,2,0,0,0,2,3,0,0,9,2,1,3,2,0,1,0,10,1,4,7,5,7,6,5,0,6,3,0,7,1,1,0,1,3,0
Metropolitana de Santiago/Talagante/Padre Hurtado,0,6,1,1,0,0,0,0,0,5,2,1,3,3,1,1,0,0,2,0,0,2,3,1,0,5,2,3,0,3,1,0,0,3,0,4,4,4,0,0,0,1,3,0,0,3,0,3,2,0,0,1,2,1,0,0,0,0,5,3,0,0,0,0,0,0,0,0,1,4,1,0,0,2,1,0,0,0,0,0,0,0,1,0,0,4,0,0,2,2,0,1,0,4,0,2,3,2,4,2,3,0,2,2,0,3,0,1,1,0,1,0
Metropolitana de Santiago/Talagante/Penaflor,1,17,1,2,3,0,3,0,7,16,4,10,4,6,1,2,0,3,7,0,0,5,9,9,0,10,7,10,1,5,3,0,0,16,1,20,7,13,0,5,2,10,4,1,1,13,0,3,2,2,3,4,8,7,2,2,10,1,11,8,0,0,0,4,6,0,1,2,3,13,3,2,0,0,0,3,1,0,0,4,3,3,5,1,2,17,0,3,9,4,0,3,0,16,0,11,12,10,13,15,11,0,6,4,0,8,0,1,1,3,3,0
Metropolitana de Santiago/Talagante/Talagante,2,20,0,2,3,1,1,0,4,20,1,6,9,10,2,3,1,1,4,6,1,5,4,8,1,7,7,11,2,5,0,0,0,15,1,20,9,12,0,4,3,5,6,1,1,13,0,5,2,2,3,4,7,8,2,1,4,2,16,11,0,0,3,2,7,1,1,0,4,12,7,3,0,0,0,6,0,5,0,4,3,2,6,0,1,14,1,2,10,3,0,5,0,20,1,7,11,7,15,11,9,0,6,2,0,8,2,3,1,2,6,0
Tarapaca/El Tamarugal/Camina,0,0,0,0,0,0,1,1,1,0,1,0,1,0,0,1,0,0,0,0,1,1,1,0,1,1,0,1,1,0,0,0,0,1,1,1,0,1,0,0,1,1,0,0,0,0,0,0,0,0,0,0,0,0,1,0,0,0,0,0,0,0,0,0,0,0,0,1,1,0,0,0,0,0,0,0,0,0,0,0,0,0,0,0,0,0,0,0,1,1,0,0,0,0,0,0,0,0,1,1,0,0,1,0,1,0,0,0,0,0,0,0
Tarapaca/El Tamarugal/Colchane,1,2,0,0,0,0,0,0,1,1,0,0,2,0,0,0,0,0,0,0,0,0,1,0,0,1,0,2,0,1,0,0,0,1,0,2,2,1,0,1,0,1,0,0,0,1,0,0,0,0,0,0,1,1,0,1,1,2,3,0,0,0,0,1,0,0,0,1,1,2,2,1,0,0,0,0,0,1,0,0,0,2,1,0,0,0,0,0,1,0,0,1,0,1,0,2,1,1,1,2,2,0,1,0,0,1,0,0,0,0,0,0
Tarapaca/El Tamarugal/Huara,0,2,0,2,1,1,0,0,0,4,0,1,1,4,0,1,2,0,0,0,1,0,2,0,0,2,1,3,0,1,0,1,0,4,0,4,0,0,0,0,1,4,0,0,1,1,0,2,0,0,0,1,0,3,0,3,4,1,1,3,0,0,2,2,1,0,0,0,1,3,0,3,0,0,0,1,0,0,0,1,0,0,2,0,1,2,0,0,3,1,0,0,0,2,0,3,2,0,2,2,3,0,1,2,0,4,0,0,0,0,2,0
Tarapaca/El Tamarugal/Pica,0,2,0,0,0,2,0,1,1,4,3,1,2,2,0,1,0,0,0,0,0,0,1,0,0,1,2,2,2,1,1,0,0,4,0,3,2,1,0,0,0,3,1,1,2,2,0,2,0,0,1,3,3,1,0,1,2,1,1,2,0,0,1,1,1,0,0,0,1,3,0,0,0,0,0,0,0,1,0,0,0,0,0,0,0,4,1,0,0,1,0,2,1,2,0,1,3,1,3,3,4,0,2,2,0,3,0,1,0,0,2,0
Tarapaca/El Tamarugal/Pozo Almonte,0,7,0,1,0,3,0,1,2,9,1,3,3,2,1,1,0,0,4,1,1,1,1,5,0,7,2,5,3,7,2,0,0,8,0,6,7,6,1,2,2,6,0,2,1,7,1,2,1,0,0,2,7,3,1,0,4,0,6,3,0,1,1,4,1,0,0,0,3,7,2,2,0,0,1,4,1,0,0,1,2,2,1,0,0,7,0,1,2,4,0,0,0,9,0,6,4,2,7,7,3,0,3,7,0,4,1,1,0,0,1,0
Tarapaca/Iquique/Alto Hospicio,1,4,0,0,0,1,0,1,1,7,2,4,3,9,0,4,1,0,4,2,3,3,4,6,1,6,4,9,4,2,3,1,0,8,1,8,8,7,0,4,2,6,5,1,1,6,1,3,2,2,0,2,3,3,2,1,9,1,7,5,0,0,4,1,2,0,0,0,3,7,1,1,0,0,2,3,1,0,1,2,1,5,2,0,1,8,0,0,5,3,0,4,2,8,1,6,5,3,7,9,8,0,6,3,1,2,2,3,3,0,3,0
Tarapaca/Iquique/Iquique,6,71,0,3,5,9,11,2,12,81,20,25,39,45,18,11,1,3,27,17,1,23,38,31,2,49,29,73,19,18,10,1,6,58,5,81,55,50,3,18,5,55,23,8,11,57,3,32,22,3,18,41,27,30,5,7,52,8,65,48,1,3,5,11,13,5,6,3,20,72,9,9,2,7,8,23,2,7,1,25,10,14,20,2,4,68,5,11,34,39,3,16,6,88,1,34,55,25,61,65,53,2,30,18,4,40,11,17,3,4,17,0
Valparaiso/Isla de Pascua/Isla de Pascua,0,1,0,1,0,0,0,0,1,1,1,0,1,0,0,0,0,0,0,0,0,1,2,0,0,0,1,1,0,1,2,0,0,2,0,2,1,0,0,0,0,2,0,0,0,0,0,0,0,0,0,1,0,1,0,0,0,0,3,0,0,0,0,0,0,0,0,0,0,0,0,0,0,0,0,0,0,0,0,0,0,1,0,0,0,2,0,1,1,0,0,0,0,2,0,1,0,1,0,0,1,0,0,0,0,1,0,0,0,0,0,0
Valparaiso/Los Andes/Calle Larga,0,2,0,0,0,0,0,1,1,1,2,0,0,1,0,0,1,0,1,0,1,1,0,0,0,0,1,1,0,1,1,0,0,2,0,0,1,2,0,0,0,0,0,0,1,1,0,1,0,1,0,0,0,1,0,0,2,0,2,1,0,0,0,0,0,0,1,1,0,1,0,1,0,0,0,0,0,0,0,0,0,1,1,0,0,2,0,0,0,0,0,0,0,2,0,1,0,1,1,1,1,0,0,0,0,2,0,1,0,1,0,0
Valparaiso/Los Andes/Los Andes,2,32,1,0,4,9,2,0,1,34,8,8,19,16,5,4,3,3,17,3,5,10,5,11,1,12,6,19,8,8,6,0,2,23,2,32,13,14,1,5,2,20,13,11,3,17,1,13,9,2,1,10,18,15,5,8,7,2,27,25,0,3,4,7,11,1,6,1,8,29,3,5,0,3,2,12,2,1,0,3,1,5,3,3,4,22,1,0,9,11,1,11,2,29,2,17,18,8,24,27,13,1,12,15,1,9,4,9,0,8,4,0
Valparaiso/Los Andes/Rinconada,0,1,0,0,0,1,0,0,0,2,1,0,2,1,0,0,0,1,1,0,0,0,0,0,0,1,0,2,0,0,0,0,0,2,1,1,1,0,0,0,1,0,0,0,0,2,0,1,0,0,0,1,1,1,0,1,1,0,1,1,0,0,0,1,1,0,0,0,0,1,0,1,0,0,0,0,0,0,0,0,0,1,0,0,1,0,0,0,1,0,0,0,0,1,0,0,1,0,1,1,2,0,2,1,0,0,0,0,0,0,1,0
Valparaiso/Los Andes/San Esteban,0,5,0,0,0,1,1,0,0,4,1,2,2,1,1,0,0,0,2,0,0,2,0,1,0,1,0,3,1,0,1,0,0,2,0,4,2,1,0,0,0,1,2,3,0,2,0,1,1,1,0,1,2,2,0,0,1,0,4,2,0,0,0,0,2,0,0,0,0,1,1,2,0,0,0,2,1,0,0,1,1,1,1,0,0,2,0,0,1,2,1,1,0,2,1,2,1,0,2,0,1,0,2,1,0,2,0,2,0,0,0,0
Valparaiso/Marga Marga/Limache,0,8,0,0,2,1,0,0,1,9,1,3,4,3,1,1,1,4,2,3,0,4,4,6,1,3,4,7,2,3,6,0,0,9,1,10,6,6,0,5,1,5,7,1,0,7,0,2,1,2,1,2,6,4,2,0,5,1,13,3,0,0,0,2,2,0,0,0,4,8,2,0,0,2,2,3,0,3,0,2,0,2,3,0,2,8,0,2,3,1,1,1,2,12,0,5,7,3,9,6,6,0,6,3,1,6,2,4,0,3,3,0
Valparaiso/Marga Marga/Olmue,0,6,0,1,1,0,1,0,1,4,2,0,2,2,1,1,0,1,3,4,1,3,6,4,0,4,4,4,2,3,3,0,0,7,0,8,6,2,0,2,0,4,5,0,1,3,0,4,0,0,2,3,3,1,1,1,0,2,4,1,0,1,0,2,2,0,0,0,2,3,0,0,0,1,1,2,0,2,0,2,1,1,1,0,1,6,0,1,0,2,0,0,1,7,0,2,7,4,2,7,4,0,7,0,1,4,1,4,0,0,0,0
Valparaiso/Marga Marga/Quilpue,2,40,0,0,4,2,8,2,10,37,7,10,15,17,7,8,5,2,7,12,1,15,22,18,2,24,19,23,10,11,7,0,4,35,2,40,25,23,6,5,3,20,16,4,3,23,4,13,15,8,16,19,21,17,7,1,17,4,28,23,1,2,4,6,5,1,2,0,9,32,6,3,0,7,2,17,1,2,3,3,5,4,8,1,4,34,0,10,19,14,1,7,9,36,3,20,20,9,33,31,18,0,15,10,1,21,6,7,2,1,4,1
Valparaiso/Marga Marga/Villa Alemana,2,26,0,1,3,1,2,0,4,28,4,13,16,16,4,5,2,1,9,6,1,7,11,15,0,22,8,26,10,8,6,0,5,28,2,29,20,21,1,8,2,10,10,3,1,19,2,8,9,4,10,13,11,8,5,4,10,1,23,8,1,0,3,3,8,3,1,0,9,23,5,3,0,6,2,12,0,6,2,5,5,3,7,0,3,27,1,5,21,7,2,11,4,35,1,14,19,4,20,30,12,0,13,6,0,16,4,6,4,5,5,1
Valparaiso/Petorca/Cabildo,1,8,0,0,2,2,0,0,1,9,0,3,2,5,1,1,1,0,5,0,0,0,4,4,1,3,0,5,2,5,2,0,0,6,2,10,4,5,0,0,0,2,4,0,0,3,0,2,1,0,1,4,4,5,0,2,3,1,11,5,0,0,1,1,1,0,1,0,1,8,0,2,0,0,1,2,0,0,0,1,0,3,1,0,0,5,0,1,4,5,0,2,1,7,1,4,5,4,8,7,5,0,1,4,0,4,2,2,0,0,4,1
Valparaiso/Petorca/La Ligua,2,15,0,1,2,1,3,0,1,16,5,8,7,10,2,1,0,1,5,5,1,5,6,5,0,5,4,7,3,9,4,0,1,13,0,15,10,5,0,2,2,7,4,2,2,7,1,6,3,0,2,4,11,9,4,3,6,2,14,4,0,0,0,3,4,1,0,2,2,11,3,3,0,0,1,4,0,2,0,0,0,2,3,0,0,15,1,1,5,2,1,4,0,15,1,9,11,3,11,14,7,0,3,3,0,6,5,5,0,0,5,0
Valparaiso/Petorca/Papudo,1,4,0,1,0,0,0,0,0,1,0,1,0,1,1,0,0,1,0,0,0,2,1,0,0,4,1,2,0,1,1,0,0,3,0,3,1,1,0,0,0,2,0,1,0,1,1,0,2,0,0,2,1,2,0,2,1,1,3,2,0,1,2,1,2,0,0,0,1,1,0,0,0,1,0,3,0,0,0,0,0,0,2,0,1,3,0,1,1,0,0,2,1,3,0,1,2,0,2,1,1,0,1,0,0,1,0,0,0,0,2,0
Valparaiso/Petorca/Petorca,0,5,0,0,0,1,1,0,2,5,0,3,3,5,1,0,0,0,2,1,0,1,1,2,0,0,1,5,1,1,0,0,0,2,0,6,3,2,0,0,1,4,1,0,2,4,0,2,0,1,0,1,1,4,0,1,5,1,5,2,0,0,0,0,2,0,1,0,1,7,1,0,0,0,0,2,0,0,0,2,0,0,0,0,0,3,1,0,4,2,0,0,0,4,0,3,4,2,3,4,4,0,4,3,0,4,1,1,0,1,3,0
Valparaiso/Petorca/Zapallar,0,2,0,0,1,0,0,0,0,2,0,0,1,2,0,0,1,1,0,0,0,0,0,1,0,0,1,1,1,0,1,0,0,2,0,2,1,1,0,0,0,0,0,0,1,0,0,1,0,0,0,1,1,2,0,0,0,2,1,2,0,0,0,0,0,0,0,0,1,2,0,0,0,0,0,0,0,0,0,0,0,0,0,0,0,2,0,0,0,0,0,1,0,2,0,1,1,1,1,1,3,0,2,0,0,1,0,0,0,1,1,0
Valparaiso/Quillota/Hijuelas,0,1,0,0,0,0,0,0,0,0,1,1,0,1,0,1,0,0,0,0,0,1,0,0,0,0,1,1,0,0,1,1,1,0,0,0,0,0,0,1,1,1,1,0,0,1,1,1,1,0,0,0,1,0,0,0,0,0,0,1,0,0,0,0,1,0,0,0,0,1,0,0,0,0,0,1,1,0,1,0,0,0,1,0,1,0,0,0,1,0,0,0,0,0,0,0,1,0,0,1,1,0,0,0,0,0,0,0,1,0,0,0
Valparaiso/Quillota/La Calera,1,11,0,3,2,2,3,1,2,14,3,5,7,3,0,4,0,1,11,1,0,4,3,8,0,12,5,8,2,4,5,0,0,15,0,15,6,6,0,3,0,5,9,1,3,10,1,2,2,2,2,2,6,7,2,3,3,0,13,4,0,1,2,1,4,1,1,2,4,16,0,1,0,1,1,5,1,0,1,2,1,6,3,2,0,10,1,1,8,6,0,5,2,16,0,11,8,8,8,10,10,0,3,9,0,8,0,3,0,4,2,1
Valparaiso/Quillota/La Cruz,0,2,0,0,1,0,1,0,0,1,1,1,2,0,0,1,0,0,0,0,0,0,2,0,0,1,1,2,0,1,0,0,1,2,1,2,1,2,0,0,0,0,0,0,0,1,0,1,0,0,0,0,1,1,0,0,1,0,0,1,0,0,0,0,0,0,0,0,0,2,0,1,0,0,0,0,0,0,0,1,1,1,0,1,0,2,0,0,2,1,0,1,0,2,0,1,2,1,1,1,0,0,1,0,0,0,0,1,0,0,0,0
Valparaiso/Quillota/Nogales,0,3,0,0,0,0,0,0,0,3,0,3,2,3,2,0,1,2,3,1,0,0,2,1,0,1,3,4,0,0,0,0,0,4,0,4,3,1,0,1,1,1,1,1,2,4,0,2,0,0,0,1,0,3,0,2,3,1,4,0,0,0,0,0,0,0,0,0,0,5,2,2,0,0,0,2,1,0,0,2,0,1,1,0,1,3,0,0,1,1,0,2,0,5,0,2,3,3,5,1,2,0,1,2,0,5,0,0,0,1,1,1
Valparaiso/Quillota/Quillota,0,22,0,2,2,3,3,1,2,22,5,8,11,4,4,8,1,2,10,3,0,7,12,13,0,19,7,17,5,11,4,0,0,21,2,27,15,14,1,2,0,16,8,1,1,16,1,7,3,5,8,10,15,10,2,1,10,1,16,13,0,0,3,1,11,2,4,0,5,14,2,1,1,3,0,7,0,4,0,3,2,5,6,1,0,23,1,3,14,8,0,5,3,24,0,8,22,10,15,20,6,0,15,5,1,12,0,5,0,1,4,0
Valparaiso/San Antonio/Algarrobo,0,2,0,0,0,1,1,0,0,2,1,0,1,1,0,0,0,0,0,0,0,0,0,0,0,2,2,0,1,2,1,0,1,3,0,1,0,3,0,0,0,1,0,0,0,2,0,0,2,0,1,1,3,1,0,0,0,0,1,3,0,1,0,1,0,1,0,0,0,1,0,0,0,0,0,1,0,0,0,0,0,0,0,0,0,3,0,0,3,2,0,0,0,3,1,2,0,1,2,2,1,0,2,0,0,0,1,1,0,0,0,0
Valparaiso/San Antonio/Cartagena,0,11,0,0,2,3,0,1,0,11,6,2,4,3,1,5,1,0,2,1,0,1,2,6,0,4,2,11,0,2,1,0,0,8,1,11,7,8,0,2,3,3,1,2,3,7,1,5,2,1,2,1,5,7,3,4,3,2,11,6,0,0,0,1,2,0,0,0,3,11,4,3,0,0,0,5,0,1,0,2,2,9,1,0,3,5,1,0,5,7,0,0,1,10,0,3,9,2,9,9,7,0,6,7,0,6,1,2,1,1,3,0
Valparaiso/San Antonio/El Quisco,0,4,0,0,0,0,0,0,1,6,1,0,3,1,1,2,0,0,3,0,0,1,2,2,0,4,1,3,2,0,1,0,0,4,0,5,2,2,1,1,0,1,2,1,1,1,1,1,1,0,1,2,2,0,0,0,2,0,5,2,0,0,1,1,1,0,1,0,1,2,2,1,0,0,0,1,0,0,0,0,2,1,0,0,0,6,0,0,4,1,1,1,0,4,0,0,4,1,3,4,2,0,3,0,0,4,0,0,0,0,0,0
Valparaiso/San Antonio/El Tabo,1,6,0,0,1,0,1,0,0,6,1,4,4,3,0,3,0,0,1,3,1,3,2,2,0,4,1,3,1,2,0,0,1,5,0,6,3,3,0,1,0,2,0,2,3,4,0,1,2,0,4,0,4,4,1,0,4,1,4,2,0,0,1,1,0,1,0,0,4,3,0,0,0,2,1,1,1,2,0,1,3,0,1,1,1,5,0,2,2,1,0,2,1,7,1,3,5,1,5,6,2,0,4,0,0,6,0,0,0,2,2,0
Valparaiso/San Antonio/San Antonio,3,30,1,0,2,3,2,0,6,32,12,5,13,17,8,5,0,0,15,3,2,6,8,9,0,13,8,18,6,6,5,0,0,23,2,25,21,24,0,6,2,19,13,7,4,20,1,10,3,2,6,5,18,18,3,11,14,1,29,14,0,1,6,4,10,2,2,5,9,28,7,8,0,2,0,15,0,1,0,4,4,8,11,1,2,25,2,2,19,16,0,2,0,33,2,19,14,10,26,17,15,1,7,12,1,21,2,4,1,5,4,0
Valparaiso/San Antonio/Santo Domingo,0,2,0,0,0,0,0,0,1,2,0,0,1,0,0,0,1,0,0,0,0,1,0,1,0,2,0,1,1,1,0,0,0,1,0,2,0,2,0,0,0,1,0,0,0,2,0,1,0,0,2,0,0,0,1,0,2,0,3,1,0,0,0,0,0,0,0,0,1,0,0,0,0,0,0,1,0,0,0,0,1,0,0,0,0,2,0,0,1,1,0,1,1,2,0,1,2,2,1,2,0,0,1,0,0,1,0,0,0,0,0,0
Valparaiso/San Felipe de Aconcagua/Catemu,0,3,0,0,0,2,0,0,2,3,1,0,0,0,1,0,0,2,2,1,1,0,2,2,0,2,1,3,2,1,1,0,0,4,0,3,5,2,0,1,0,1,1,0,2,4,0,3,0,0,2,1,3,4,0,1,4,2,6,2,0,0,1,0,1,0,0,0,2,2,2,0,0,0,0,4,0,0,0,0,0,3,1,0,0,4,0,2,1,1,0,0,0,5,0,2,3,2,4,2,5,0,1,1,1,6,0,1,0,2,2,0
Valparaiso/San Felipe de Aconcagua/Llaillay,1,5,0,0,0,1,0,0,1,6,0,2,1,2,1,0,0,1,2,1,0,1,3,3,0,4,1,6,2,0,1,0,0,6,0,7,4,4,0,1,1,4,2,1,1,3,0,1,0,1,0,3,1,5,1,2,1,0,4,1,0,0,2,2,2,0,0,0,2,6,0,1,0,0,0,2,1,0,0,0,2,3,1,0,0,5,0,1,1,3,1,1,2,5,0,4,2,3,3,6,6,0,2,4,0,5,0,1,1,0,2,1
Valparaiso/San Felipe de Aconcagua/Panquehue,0,2,0,0,1,2,1,0,0,2,0,1,1,1,1,0,0,0,0,0,0,0,0,2,0,1,1,2,1,0,0,0,0,2,0,3,1,3,0,0,0,2,0,2,0,1,0,1,0,0,0,1,2,1,2,1,2,0,3,1,0,1,0,0,0,0,0,0,1,3,0,0,0,1,0,1,0,0,0,0,2,0,0,0,0,2,0,0,0,1,0,0,0,1,0,0,2,1,2,1,1,0,0,1,0,2,0,0,0,1,1,0
Valparaiso/San Felipe de Aconcagua/Putaendo,0,5,0,0,0,0,0,0,1,7,4,4,4,1,0,0,0,0,4,1,0,2,2,2,0,4,2,2,0,0,2,0,0,8,0,8,3,6,0,1,0,3,2,0,0,4,0,3,1,0,0,3,2,4,0,1,2,1,7,3,0,0,0,1,2,0,1,0,0,4,2,0,0,0,1,2,0,0,0,1,0,1,0,0,0,8,0,1,5,4,0,1,0,8,0,3,7,4,7,4,5,0,2,2,0,5,0,1,0,1,5,0
Valparaiso/San Felipe de Aconcagua/San Felipe,3,25,0,1,3,7,4,2,5,27,7,9,22,13,7,5,1,1,13,2,5,6,16,12,1,24,8,28,5,7,5,0,0,21,1,34,17,19,6,4,2,20,10,2,7,24,1,6,12,3,6,16,9,12,3,5,13,3,25,15,0,0,1,4,7,1,4,1,11,25,5,3,0,9,8,7,2,1,0,2,3,6,3,0,4,32,0,5,20,19,5,11,2,31,4,11,19,5,19,27,14,6,6,15,0,21,0,4,2,6,3,2
Valparaiso/San Felipe de Aconcagua/Santa Maria,0,4,0,0,0,3,1,0,2,5,1,1,3,0,1,3,1,0,2,0,0,1,1,2,0,4,2,3,0,3,0,1,0,2,0,4,2,2,0,0,0,3,1,1,1,2,0,0,2,0,0,1,1,3,0,1,2,1,4,0,0,0,0,2,0,0,0,0,1,5,0,1,0,1,0,3,1,0,0,1,0,0,2,0,1,2,0,1,2,3,0,0,0,4,0,3,3,0,1,3,6,0,1,2,0,3,0,1,0,0,1,0
Valparaiso/Valparaiso/Casablanca,1,7,0,1,1,0,1,1,1,7,2,4,4,2,2,1,0,1,1,2,1,2,5,2,0,5,3,6,3,3,2,0,0,5,0,7,2,5,0,2,1,2,2,0,0,4,0,3,2,1,2,2,3,6,0,0,4,2,2,6,0,0,1,1,1,0,0,1,1,8,1,0,0,0,0,1,0,0,0,0,1,3,1,0,1,6,0,0,7,5,0,2,1,9,0,3,6,2,3,6,3,0,0,0,0,2,1,1,0,3,1,0
Valparaiso/Valparaiso/Concon,0,26,0,1,5,2,3,0,3,27,4,5,13,9,6,3,0,2,7,4,1,9,12,11,2,14,9,22,6,6,5,0,2,22,0,23,10,14,1,3,2,18,8,4,2,24,2,5,8,0,3,7,14,8,7,2,13,1,25,19,0,1,1,3,7,4,3,1,2,23,3,3,0,3,4,10,0,4,2,4,1,6,7,0,1,23,0,2,12,12,1,7,2,22,1,13,11,5,24,22,10,0,7,10,0,13,4,1,1,2,3,1
Valparaiso/Valparaiso/Juan Fernandez,0,0,0,0,0,0,0,0,0,0,0,0,0,0,0,0,0,0,0,0,0,1,1,0,0,0,0,0,0,0,0,0,0,1,0,0,1,0,0,0,0,0,0,1,1,1,0,0,0,0,0,0,0,1,0,0,0,0,0,0,0,0,0,0,1,0,0,0,0,0,0,0,0,0,0,0,0,0,0,0,0,1,1,0,0,1,0,0,0,0,1,0,0,1,0,1,0,0,1,0,0,0,0,0,0,1,0,0,0,0,0,0
Valparaiso/Valparaiso/Puchuncavi,0,1,0,0,0,1,0,0,1,1,1,0,0,0,0,0,0,0,2,0,0,1,1,1,0,1,0,1,0,0,1,0,0,1,0,2,2,2,0,0,0,0,1,0,0,0,0,1,1,0,0,1,0,2,0,0,2,0,3,1,0,0,0,1,0,0,0,0,0,1,0,0,0,0,0,1,0,0,0,0,0,1,1,0,0,2,0,0,1,1,0,0,0,2,0,1,1,1,2,2,2,0,0,0,0,2,0,1,0,0,0,0
Valparaiso/Valparaiso/Quintero,0,7,0,0,0,0,1,1,1,6,0,0,3,3,2,0,0,0,0,2,0,2,4,4,0,4,1,3,3,3,2,0,0,5,0,5,2,6,1,1,1,2,2,0,2,1,1,1,1,0,0,0,6,2,0,0,2,1,6,3,0,0,2,1,0,0,0,0,2,5,1,3,0,0,1,1,0,0,0,1,0,1,2,0,2,5,0,1,3,0,0,1,0,7,0,3,4,4,4,6,3,0,3,1,0,3,2,1,0,0,2,0
Valparaiso/Valparaiso/Valparaiso,22,162,0,12,25,14,13,2,48,161,20,68,47,79,43,26,5,10,48,40,4,51,105,84,4,111,58,100,43,55,43,2,15,165,9,176,126,126,2,47,12,93,62,22,17,127,0,61,42,12,72,77,79,71,20,9,78,18,141,73,1,3,12,32,43,8,7,4,31,105,30,15,0,17,4,64,4,14,8,26,32,22,44,3,11,182,5,42,74,42,7,32,20,192,11,60,110,55,126,130,73,2,71,18,4,98,16,45,5,17,14,4
Valparaiso/Valparaiso/Vina del Mar,8,98,0,2,16,9,6,1,27,103,18,36,44,43,23,15,8,11,32,19,9,32,60,48,1,69,50,73,27,29,26,3,4,94,11,116,83,72,5,15,6,58,42,13,17,75,1,20,28,5,34,52,50,40,12,8,49,8,97,56,4,1,7,12,23,5,6,3,28,80,20,21,1,10,8,48,7,12,1,21,13,19,18,3,11,109,4,25,54,31,7,21,13,119,4,47,79,40,93,84,44,2,50,15,1,60,14,29,2,15,11,2